9780 2507
6182 6302
2136 2645
6215 4959
5741 9945
5123 7366
2239 8428
9456 9917
2060 4286
7469 2044
8063 2573
2298 9994
1031 2314
2479 7105
116 1546
9600 2879
1175 7269
872 1720
5307 8205
8981 9705
1954 2061
6943 4800
6915 2955
1914 7779
7058 5101
2829 5104
1048 3078
8876 36
1872 6285
370 9296
5548 3548
8341 88
7894 5317
5068 2429
7912 4445
2109 4770
6991 2949
5695 4085
7087 1571
9448 9272
2650 3457
1231 7607
2725 7953
2080 1670
5115 3215
3413 8713
4353 601
952 9465
7760 8324
7813 1074
5373 4144
8676 1814
5665 5821
6716 5785
9334 9390
3877 3710
7258 1389
1860 5349
7960 9361
6925 8940
6666 7181
5911 8179
6749 3165
6974 2962
1975 1329
7575 2249
8153 6267
9059 7178
2469 7064
7380 9559
2035 8281
7198 6987
7840 3127
7679 2436
7662 9836
39 5538
8367 4706
9566 6393
4843 7735
6711 5882
3479 6430
4351 7278
9475 1734
8036 6638
5510 5082
3053 4287
8737 5188
5057 5105
2926 2660
7758 2374
1938 999
6487 4689
2375 9048
5982 9815
6853 391
7323 5640
4280 2191
9224 4396
9604 2446
3857 2137
7191 9283
4618 8882
1083 4838
1729 4887
9860 4090
1287 3145
4756 867
761 9536
1444 3330
5436 8440
6900 8675
2609 7666
3834 5617
6367 4298
118 1334
7457 4913
31 8617
8269 3762
5419 8055
3312 4139
8465 8833
3369 4571
3212 231
9560 7623
4013 695
8579 607
4794 4614
1686 2253
7589 6833
815 1010
9956 1433
5046 1450
2437 3491
1549 1903
1568 8942
7909 4244
8239 447
6162 8643
6399 529
8888 4491
6291 8839
1957 6313
434 8775
9144 6027
5908 8446
3467 3249
8434 1979
8552 4282
9728 7202
8317 814
3674 3263
7003 4617
8489 9534
6057 2654
9206 7667
2415 1988
1656 8069
7256 9524
5395 2657
5137 1058
5133 5182
4793 4902
1294 2156
5364 8525
2513 9093
4851 762
8385 458
1625 5259
8107 8978
5363 4290
5948 365
5156 8077
7495 7839
2898 8429
2072 456
5162 8695
7063 7034
4229 8721
1689 70
4390 7794
7705 8433
5619 2542
6545 3350
5815 1485
9143 121
795 5955
4960 6623
3422 8091
5299 9675
9406 3604
9050 6643
6521 7646
3027 3752
3927 967
4757 5676
6124 6128
7018 4775
2139 9458
4862 325
9141 5269
6890 821
90 3485
7009 3760
4443 9779
327 4123
7430 7416
9594 8359
773 5066
1071 7556
7519 5562
586 9618
6117 3788
6387 3083
8759 7865
6397 7013
4009 8086
5559 2256
8000 4117
6347 6293
7443 7280
1421 3546
5857 5788
9636 8557
2241 8245
9575 250
4667 3999
2685 6465
2010 6568
6905 2795
2417 9169
4056 2842
8932 5528
2403 3892
8671 509
2099 9762
7349 8951
441 3569
7329 3059
7460 7586
4854 2073
5381 6103
5173 421
3803 5993
3663 2749
8426 2987
2034 4027
6096 7955
826 1634
6530 7092
9126 5826
8497 1517
7766 5386
5263 7046
6132 1819
6047 8668
9142 8645
9943 9731
5827 5371
1456 6718
1133 4455
1533 6612
857 5702
3200 25
6684 4004
8047 1455
6439 112
7918 5800
4413 4994
5044 9297
6476 8769
1917 9018
2394 6645
3933 5339
3690 72
8536 2190
2334 5253
9715 8964
8527 6920
597 5493
8363 3638
6205 5295
2954 3430
3953 5514
1057 6252
6525 8423
3716 4216
4946 1434
5090 3240
2983 1253
142 9444
7453 3308
9508 2905
3924 7926
4012 3112
9569 1856
3673 4281
3655 8235
2261 2260
852 5422
8244 2777
6396 6909
7314 9303
4044 2112
4270 3332
9645 3376
1119 4510
4194 1758
1588 7788
1635 1332
7050 3581
6112 11
9727 9975
6354 8574
2523 4525
7036 5653
5167 6681
2233 5932
6901 8078
158 3304
9222 3171
5094 8286
846 8802
3810 9940
8254 4927
2838 6410
5964 3279
9332 8663
8233 5852
3458 9014
1768 8333
8774 1315
5470 5292
2084 693
6469 1836
4435 5515
1736 1663
8122 653
3285 9516
3314 452
3552 6512
3913 7553
2611 809
2131 2968
1682 2252
6771 7585
8533 9632
5466 2950
8456 6921
8451 9270
2625 8391
7210 645
2490 7001
7436 8004
2735 5224
6800 6546
1246 735
4925 3232
7476 8752
2850 6207
4006 9376
9010 1399
8329 9422
6177 1623
7930 6401
7481 7937
6222 2397
1970 8764
5030 266
2449 4338
1204 1999
7341 8228
3014 8026
4079 8780
3872 6033
7806 6852
887 6721
413 7925
4827 8902
9931 4462
1680 7891
7369 3210
6971 3064
9506 211
7048 7071
493 5989
4922 4600
4995 2785
5855 4904
4277 3656
2427 8301
221 2761
3995 3486
1690 8634
6374 9976
6206 5563
9368 7306
5409 751
314 3599
8183 9056
6866 9872
6867 5539
8746 4185
4691 924
5707 6180
4695 9358
5067 2909
8020 6480
6805 1523
1187 2016
2594 9523
408 9615
9914 8935
1189 7100
3595 9264
2078 3724
5757 6149
610 5919
9939 4849
5625 724
6934 9758
2011 3100
6908 3283
4059 6028
831 7502
1487 406
2868 1310
134 7838
5424 9247
2554 8353
2320 4903
4677 5255
7225 5209
9870 5385
3692 6243
2941 9423
6802 92
9262 776
2438 5148
4627 5906
8025 2779
5610 3153
450 3519
7084 6992
519 5953
8156 1380
5739 9405
3118 5074
1205 7780
5613 1931
5579 6283
2380 4019
6527 3616
8689 4789
6311 8926
9347 5659
4418 242
2486 1065
9911 929
1115 3987
5662 6088
5366 270
7769 15
3236 2601
2803 2805
4831 9108
6232 9629
7945 7143
3093 4501
2286 133
1591 9038
757 8718
8715 3033
1874 7876
5529 1355
17 3251
5686 4226
3318 47
3644 148
914 1610
230 149
2337 1535
8406 6806
8444 1181
8714 7464
3385 3427
7940 2988
4110 4867
6065 8564
1003 7736
5917 9893
1408 2036
7471 5294
7372 8726
2865 5201
381 3438
2516 7630
4149 6024
3625 2631
2125 9429
6892 2151
3905 5282
1461 9997
3804 395
3471 4684
7510 19
4423 5472
5892 4177
1969 9841
990 5411
188 7172
2332 8571
4208 5918
4036 7044
3542 1135
7434 9947
797 4856
7738 5988
3783 9745
9839 2045
7517 7055
3375 4234
6701 6756
2247 8837
2050 4163
205 1996
5344 1660
6601 2316
3482 9876
1088 7402
3966 8372
1755 7578
771 4591
1930 8250
2755 1985
5939 3806
386 3720
2447 6197
68 7085
9928 6664
9293 6792
5666 5899
7563 8441
1735 7098
5418 4670
8029 1222
8543 5611
7043 6982
8884 7463
8376 4465
7379 1713
8073 4316
6046 9090
9949 8299
8043 2607
6000 94
9070 5837
5616 8782
2306 7825
3992 9797
1095 3055
4767 5678
5583 6799
3032 7643
7106 9530
3697 5937
8320 2659
6583 8040
2391 8384
9996 1667
4324 1685
8377 5971
3559 2361
682 7370
5940 5341
8567 3893
789 9042
5367 1848
9489 3426
7792 5921
5673 2343
187 3001
9995 6777
7156 6817
4719 562
7597 2287
5193 1150
9878 6049
583 1046
139 8033
3704 6402
3744 5155
6160 147
5614 1193
5369 3420
7606 9300
5428 1929
9935 2966
4598 4688
2070 8097
8735 2844
8627 1247
1337 1515
6851 3920
7365 9049
2663 322
5796 2242
3571 1698
4345 8706
3356 4853
1113 4895
35 8512
9887 8192
692 9725
2572 6268
7489 3269
7722 7119
3713 9776
7687 750
8878 8186
9504 5036
9281 4582
3938 7196
7014 2506
6968 252
5452 1642
2053 9505
7140 2804
8293 2782
849 8507
9582 6754
8623 2216
6290 2590
9589 3110
8722 8754
8296 2617
5206 3846
2339 9630
4344 4498
4590 2500
6679 1163
1170 6279
8943 1365
6425 7122
8770 1859
4386 2653
7635 9433
5778 1488
8110 6933
6848 7719
5410 9942
622 446
8523 4020
3002 5135
6194 5298
3737 4879
1353 2612
7176 7019
6990 2392
8460 8773
1551 4774
163 2773
714 4166
8619 7435
2456 8540
6129 111
965 288
6417 6004
5216 3395
2368 921
5704 6633
476 6678
5473 2225
5389 8135
8006 8308
953 7051
4433 3517
629 4101
9186 4407
5437 8955
7236 9102
1300 5925
3602 3320
2883 3958
5070 291
1148 4424
5093 6039
7778 9137
9961 6032
355 9104
4866 6315
8137 6710
6618 7701
1414 2683
9192 3380
3695 5544
3029 8223
6314 915
4644 7081
1898 9701
5874 3176
5232 1827
8562 9699
6702 6720
9791 1453
2369 8641
8852 1407
2276 9730
3511 3733
855 575
9809 2770
274 7802
5099 8561
1190 686
4518 7449
6068 9502
3347 5812
2587 9734
9929 5543
9369 6163
6459 3483
6929 4415
4383 9213
2776 6898
532 8631
8633 7959
4577 523
8834 3188
6961 3079
394 9024
6862 6210
9930 5445
2004 4222
2463 7129
9253 6089
5089 4494
6253 2877
9882 1894
7474 316
6949 2756
7165 1262
2476 162
1092 4124
1658 6573
3337 5975
2308 8090
7377 5154
7441 3099
4193 8864
5585 2483
201 2432
1472 8593
4562 1213
9953 1258
4585 1958
5520 2363
132 2146
7991 5120
7070 6942
4482 3567
8292 8458
417 1387
2291 806
9167 2980
8979 4609
2682 9148
348 5430
6877 4174
5032 6752
4803 6227
1016 5536
6906 3795
5793 3972
4474 1980
7655 1849
1156 5164
3196 4472
6170 3326
7083 8771
3651 3091
3925 7440
6237 8896
7038 5506
6914 3409
510 9808
1302 8380
5489 7375
2753 2875
8417 5730
3301 181
6989 1362
1536 1502
9385 7728
1512 334
4713 9622
5851 1590
9513 8182
1041 8105
8213 8076
7057 1
3289 6743
5564 1910
454 5565
2373 1924
2831 1688
1655 311
648 3069
8696 881
4743 7989
8051 3270
2081 3157
4555 4441
8549 4361
8209 4417
4138 729
9500 4729
9921 5646
9565 5878
4968 6655
2711 5168
6506 711
1811 5708
1916 6733
7951 8993
5446 3683
5780 2774
8667 7541
4052 8171
9261 7661
6505 343
3612 3361
9907 1166
5116 9775
8061 4900
7041 6141
1291 2764
8859 2396
8321 3121
4403 6683
9828 3185
5439 9460
3156 1498
2652 318
3849 4926
3368 254
7244 7072
6276 7690
9323 3600
5927 8370
1035 8988
8249 2169
2037 9925
7677 9883
3528 6540
420 8445
6061 9777
3344 1867
4631 4944
3709 9245
1114 4786
198 9086
5603 1722
474 7410
8510 6550
9717 5488
1732 5628
4621 8193
1459 9965
4158 1868
4010 349
4605 5508
5697 5160
5806 1730
6894 741
6241 6372
1598 8905
6571 5877
7321 6899
5794 6532
8751 9540
5547 2209
6472 7583
7886 8545
7409 4833
1364 5860
6363 6823
6405 2157
3288 4459
5321 1542
5604 4428
2644 9881
1412 4639
6819 3094
9923 5839
1371 1471
1984 2976
2958 4054
9733 9787
1818 7996
5121 4647
1597 6238
5181 5808
3898 6249
2346 3753
4323 8629
263 3971
6172 3886
2715 108
7008 4507
1203 7571
1208 2184
2952 1212
5134 9526
7039 8168
5227 5644
6105 7445
2086 3169
9391 8613
2535 8954
1553 6086
1397 3404
3306 6735
712 9032
9690 1640
4051 6225
5260 5843
3335 4308
9199 5343
6029 2119
6820 572
219 255
2818 7652
5165 2908
6003 2319
1699 5394
4606 3403
2484 1289
8989 1838
9501 604
9235 1486
6766 9490
9045 6613
3155 1359
746 5325
155 1430
1227 9110
9107 5956
4588 2754
1018 5829
9805 8202
4769 7741
9792 5484
2350 799
1327 4656
331 8845
5013 555
1270 4489
8787 1425
8819 7863
8750 3619
4889 1932
3514 854
7580 5246
5153 2545
7227 8054
9496 1234
5238 5048
4745 9447
4734 9132
5954 4773
5287 9063
9903 9864
4882 3863
6159 9181
2904 78
9964 2635
284 582
1220 2057
9232 2265
6945 9614
4042 1900
9886 5784
5131 2311
4476 2122
5674 5751
5079 8733
4487 7246
5195 4987
9329 9367
9328 6524
5348 1136
9200 7548
3447 8457
8792 340
5858 9495
6468 9610
9165 654
8781 6832
6414 9985
8815 6140
9091 3070
7204 9782
8093 9573
5715 6834
8996 5053
5897 3351
5549 8658
1766 4726
5633 4181
3089 1038
5557 4942
2205 273
6759 4623
9721 2591
5592 7950
310 8375
898 8409
8152 4332
7151 8647
4750 206
6431 5214
321 7957
8298 5554
2384 2038
3529 9640
8591 9833
4819 6403
6255 7162
4305 5779
481 7429
380 9351
680 5691
8218 9249
6675 7233
268 401
2327 6688
9183 2525
3860 9537
1581 9055
5865 453
6002 7625
4612 2575
5811 7776
6960 7248
3876 4447
4212 3248
4952 3878
6445 3507
4140 690
1945 9529
8141 5245
4546 2359
7882 7939
2418 5879
1641 2401
793 7424
7170 635
4228 7605
2317 3582
7398 8070
8096 7934
1303 4003
1097 4402
2903 2634
6874 9204
3739 3666
1184 584
1909 552
8238 227
9196 1864
6216 883
3228 4863
3918 5197
9031 811
8651 4448
2705 3223
1701 7929
4348 5448
1653 83
1833 1528
531 4625
1118 6999
4574 8013
5690 2098
3405 1774
4823 3865
5518 2825
9348 1809
8642 6326
832 7247
5026 4161
2301 6490
560 6516
9736 6340
8330 5632
9002 4610
7867 6772
8034 1759
3250 1813
8854 8187
6903 7281
6021 4320
8198 4136
2294 9680
1149 3894
1372 8132
9541 6591
3233 1479
2040 4388
6958 2806
9729 5817
6973 9626
3412 1160
1855 581
1717 2489
9984 3772
9399 3952
1138 4873
1753 8388
7368 1693
1661 7570
5398 4037
1403 6656
984 1687
6622 2706
5239 3750
9555 9295
8158 6774
9764 6917
788 2858
5096 7612
2329 4453
4219 6240
1797 9570
5355 4236
5637 6320
2719 2787
4806 8145
912 1356
1368 4764
3276 3461
4080 4084
7285 101
710 8638
5315 825
5535 4300
6616 4660
7526 1539
8959 3831
9313 6586
145 4207
5888 1242
6100 1531
4528 6042
5981 4763
8166 7076
1117 8056
9802 5516
9778 1105
1304 9226
4522 3780
1583 1020
8776 4432
7969 2975
1192 335
6081 4681
2524 7547
9842 3669
8835 1173
6121 890
2945 1360
4710 8707
9389 4967
4762 9003
1525 3741
7915 7890
3859 7862
7514 8999
6818 4387
7859 5352
2160 4573
4720 5159
6988 6428
6577 2557
1177 4257
7138 37
792 6098
9665 9611
5454 706
350 6780
414 829
9703 1363
660 7898
282 1904
5001 8997
9207 2123
1990 2069
6272 6257
3543 2102
6789 8898
8760 8002
358 3124
6831 8290
6719 4694
8950 9926
3266 3557
2822 9152
7462 52
7524 5401
7786 1030
1195 8524
1305 4962
42 8960
8863 7622
1543 8812
9242 7941
1045 5274
977 5930
7148 9620
2177 7418
7260 2750
4920 4278
2263 4754
6627 5243
5661 8504
4458 7335
7577 2386
8956 3338
879 8203
1005 6964
2246 7287
3647 1594
4148 5268
9671 6218
4485 2696
6136 6464
3226 9030
4787 9971
4411 8351
9111 490
1611 59
2344 5487
862 6053
4496 2814
6259 228
9561 861
3195 786
4581 3960
7743 1806
3036 4276
4239 7193
8295 9311
220 6501
7496 6443
5511 8184
4765 8084
4141 5824
9676 7492
8148 2833
649 8392
9138 4807
3300 7610
5847 4008
3194 7142
5359 3390
6286 91
3998 1746
8462 103
3941 961
2784 3343
4031 3977
8418 7094
6891 2961
9946 4832
6762 6810
7528 3475
3035 2164
8282 8159
3802 5773
8872 5654
7979 23
8597 2861
8492 4512
3000 6275
3993 8049
4029 2666
8976 7764
1237 8903
5768 9621
6107 8146
2448 9677
4805 8558
1659 8685
4975 4563
3353 7239
3675 1762
7693 4327
257 5677
7352 9790
8211 2624
351 4271
8811 1385
6353 9058
1386 7740
2100 8793
2799 7836
3858 3842
2793 3
8983 7855
2331 2606
9236 6452
2420 7884
4429 5642
4040 7130
115 902
8830 4321
6776 7425
8285 4456
9314 2074
2859 4830
8975 5358
6629 4780
3148 1032
283 7484
3072 8044
6829 853
8820 4702
9998 3031
7568 3259
7804 1749
1602 1677
8910 3608
4864 5797
7613 9488
2768 5021
6815 470
5804 3931
9966 1094
6904 3551
8345 5177
2798 6885
7173 298
6041 3700
5440 6440
7665 7350
1261 9435
3633 1862
9416 975
8204 2145
618 2546
4093 4844
9078 7669
8625 8364
2115 685
8822 5650
5567 8666
8136 2365
7683 8230
1007 5109
7645 6755
9342 2173
8904 3175
3861 1603
3527 422
9670 2278
2498 3293
782 904
5250 4104
6277 5230
7253 6264
5958 7145
3732 4724
3932 3216
5205 5270
513 9008
1897 7414
3105 2229
4319 6944
7394 9952
5114 1884
8028 9326
3346 363
1283 4312
9932 8635
7180 4808
919 5213
7389 9812
4427 9796
4835 3773
4309 4890
1251 2193
85 1068
6697 9036
7027 1024
1401 3088
1742 3973
2280 7988
8596 6450
5318 9419
1624 6009
1895 2413
6578 1292
1851 6123
7767 9827
2223 5566
7032 120
3588 3590
1993 1384
9804 7842
9301 8189
4548 5244
229 173
4825 3428
1040 5998
2113 6592
2538 9656
760 1532
9231 707
7961 9424
9363 4899
980 2200
8215 9105
8870 7775
9806 954
1919 9043
3628 6803
9274 2989
2058 8777
2474 4822
7887 2971
6345 9210
3961 7283
6457 2766
2111 4527
1484 9866
1652 307
8740 2422
4362 2695
1790 2608
2602 4958
7820 178
8778 6073
5288 2039
5716 87
7150 1228
1413 5631
4444 6262
4594 4748
5075 93
7431 478
6407 7656
7245 1795
7132 1866
6168 5870
9246 7761
3577 3450
4205 4092
9544 3305
6541 1791
8757 4841
7530 3765
4087 7592
6337 4067
878 3901
1837 2583
9065 8273
1482 8796
5006 7595
3354 3766
6040 5651
7729 2347
4015 6031
9134 9353
1458 8174
8947 5867
4824 9514
7222 9846
5290 169
7345 6984
9116 8673
7638 8846
4099 1738
2648 6998
6609 4367
823 4331
1631 2845
5996 4115
2188 8599
8744 8980
7299 868
6727 5722
4636 5311
7972 9908
9807 14
4901 9180
3922 1042
5266 1120
7554 6855
4939 8349
4129 1650
8425 7383
9355 2935
8957 9497
6966 828
9427 7104
4463 5362
6712 1637
1779 8371
6722 4106
5733 5450
4200 9218
9166 3008
338 6611
5527 2284
8088 948
5064 3864
1983 7461
7812 1672
7684 3177
479 4513
2366 189
1441 9383
4119 4299
9 38
9609 8470
2494 8240
8887 7209
3396 7593
3956 4480
9159 2510
8766 9221
7353 4162
7977 1225
6111 9829
2939 4615
8271 303
2655 5111
5555 5635
8511 6602
66 1075
734 1520
7312 9436
804 4886
7777 8386
3480 9820
7497 8640
7096 3648
2592 9371
1973 7602
9763 8237
6137 6485
8121 2203
4397 8389
5805 8342
6606 3811
845 4266
194 2889
7060 7282
9602 8393
9364 8618
907 6474
1839 3727
7221 4232
3107 5683
4759 3896
1339 4471
5945 8930
1154 6581
3133 3945
9392 5432
8176 2161
460 4829
1417 748
7276 1176
2559 7954
5400 5885
5405 4204
647 7110
364 1395
4520 9428
1151 1087
2404 8804
99 6308
1974 7405
5933 128
3661 7139
8128 6597
3287 3536
6560 5505
4366 3197
4738 2807
7518 8860
4938 28
9633 2213
4796 1645
7499 6565
3684 6334
204 1844
8427 4311
6793 7616
1567 8012
7914 5950
3383 9333
6947 5015
4686 125
5967 5217
2729 2180
1941 8945
397 9650
3313 6948
7093 9852
292 8992
8687 8436
7133 8124
7703 6555
7195 1366
3763 6008
6497 4988
402 615
5760 5887
3411 3606
9999 9617
8347 5124
752 2741
3609 6245
1468 4699
535 8449
6841 2915
3506 7216
1029 6113
6575 926
1752 1333
4722 2951
7230 6562
225 3179
6219 1297
6196 5016
4641 1311
8162 1132
170 5526
1466 5130
9899 1462
8587 51
3084 3768
4709 3086
7029 9084
6131 9920
7040 2809
5512 7010
8583 7466
7131 9987
7617 6523
7591 9062
7494 4782
9100 6728
8014 4380
3544 5762
6350 5278
4929 2613
7159 3071
3883 3703
4267 3989
328 7229
7078 669
9857 4075
2282 30
9254 2884
972 4659
526 7479
822 1737
7022 2277
8109 3295
2022 5589
9627 306
8491 4649
4637 8823
269 2527
8270 7384
8669 7774
6796 6432
9963 7059
7730 8046
4182 9160
1306 864
9515 2680
6092 8147
3976 6188
7240 9551
4371 7021
1429 8541
2584 8201
2526 3614
1751 1869
6554 844
2370 704
9601 9130
3178 4069
7028 621
3431 2810
3899 5883
6828 7125
4157 7782
2302 5486
4049 7552
3284 8893
5719 9783
6923 8644
8967 2929
1244 8463
6959 9034
6535 1423
726 744
3792 1537
5692 5408
3367 5926
8849 20
1023 3645
6706 2910
4538 8709
347 185
7634 4467
2627 208
3712 7770
2170 4797
2441 5334
5709 5896
5664 6621
8739 8544
4989 8560
8307 9268
4130 4564
1960 3815
5469 7818
6369 6634
2096 6658
1307 5330
885 1398
7512 4679
7197 3940
2767 9217
8226 8697
6673 9743
6076 6893
2272 6745
2561 2221
2901 4035
2254 8322
8589 5495
819 9862
8094 6097
6594 8459
4412 4018
697 4406
785 3726
2521 4369
874 7533
2548 4910
617 119
3274 5129
5517 650
9410 5521
9564 574
7596 3046
4693 4852
6981 5463
7206 4473
1915 6441
3260 2210
1478 324
2300 1090
9979 6475
1496 5039
171 8871
2124 8435
8310 4211
7082 5891
1438 859
2823 168
3092 4151
3209 8701
6661 7118
8502 2586
5645 2033
6404 8261
8169 1857
352 5103
8424 6985
709 7367
6018 9687
4186 1273
388 8690
4723 1004
571 8114
1347 1724
9486 5639
1483 1544
2808 6610
8009 3202
5276 313
732 1573
4430 6757
2355 4479
4288 6317
4156 7322
5353 3273
5357 2271
2890 4083
8200 3204
5186 9140
4869 5913
3603 4746
5513 455
336 2088
196 766
5481 9586
939 1728
9461 3262
5816 5737
3323 2519
2751 195
3190 3665
8368 8071
1183 9287
1616 5540
2698 6996
5132 5872
6044 7399
8795 3909
665 4065
3734 3191
6116 6191
957 667
7949 8532
687 2046
3028 346
7005 5582
2382 8995
3386 1550
969 6957
9250 8598
7845 3253
7194 5706
2637 6567
2259 244
6434 6064
7757 7745
3589 4081
276 2451
3120 237
5781 8917
6599 3489
1964 3520
4813 1705
8225 5379
7134 3126
696 213
3047 1666
79 713
723 8144
2934 6281
6189 1966
1626 1951
7819 2620
4758 5675
3082 6976
4451 1504
840 1282
983 5342
4640 6282
2000 8256
3800 9605
56 4981
3440 8753
2710 7753
1422 209
8334 9074
5011 2885
2720 6729
6836 6082
1925 2220
8656 3868
6167 4340
5765 573
3680 5211
9016 392
2944 7827
3399 2364
5608 3333
5169 699
6327 4705
1185 8829
4741 7054
3530 2897
1026 2615
3770 1754
1601 9197
504 5832
5830 4016
9679 9831
1449 4170
3341 2895
5494 43
9335 9378
9095 2342
6850 6059
5601 1981
5257 5095
2544 8836
2856 3317
4490 4173
6020 9069
5916 2846
8379 1053
5412 4580
3950 9978
444 9494
9695 1497
6746 5329
2444 9906
4602 3702
515 7344
7618 7970
7095 442
7117 514
1875 736
3659 4142
7956 9773
2412 9635
46 6736
6861 3714
960 733
8573 2120
2230 6667
7698 3658
6328 1078
4245 4751
9195 8858
2341 4544
4357 5345
8816 6037
524 6108
7551 1469
8785 701
7744 8453
2390 6580
8990 1144
3237 530
9639 9451
2967 1681
9449 3984
4096 8401
3255 3617
2105 910
4918 3500
7881 8743
7386 8732
6229 4820
6955 5849
1296 8765
5429 6165
3302 2832
3272 6730
3098 3062
7536 372
4916 8848
4335 75
4731 8343
1221 4314
6872 3556
7942 6010
6273 4753
8924 9962
1781 8789
5220 5688
5819 7149
9120 3513
7826 6356
3162 1452
794 4275
4045 4068
8394 8974
2014 81
1169 8139
8572 9459
5071 3719
4848 8369
7873 4630
6868 473
6983 2540
5649 7264
7964 4033
8928 8953
484 1907
332 2765
3052 9716
9098 6870
5581 8577
2717 4735
6398 9625
4881 8500
2093 8818
8127 5790
7166 3631
4356 3132
8962 4102
7724 3137
9198 3880
33 8783
2969 6151
2732 9512
9467 9009
2812 5222
3329 5029
6642 4736
4999 9441
7814 9229
7315 4966
3681 6166
1622 1501
5326 7477
7545 688
684 387
5289 1630
9345 9813
6359 4932
9713 5166
6691 991
2389 8355
1944 8939
6085 5570
7293 4066
2251 4547
8809 8803
808 9766
3871 6703
4826 9161
956 2744
2118 49
8007 8788
6200 5402
8602 407
5726 3150
5519 9786
4152 3005
2629 6543
9292 9162
4318 2788
7154 9654
512 2307
2796 7363
4274 2923
4213 7268
7715 6811
5907 8431
9959 9754
6693 3774
2416 935
5198 1431
6576 6157
830 7866
3640 9747
7817 6880
5957 7737
9977 6060
1609 2027
2114 4468
8472 3660
5254 677
9205 7354
2693 1437
6438 2689
3618 8474
9694 3563
7255 9387
4303 5336
8595 7928
9434 3969
2911 7860
691 9123
5433 9052
1054 6478
9409 7451
7111 2555
3862 8220
2218 5058
516 1959
3725 2126
9269 1845
7294 5141
4304 8432
3649 8810
4190 8616
3081 8064
5228 4145
9170 913
4626 4363
4596 2485
8998 9414
7537 9437
9129 7829
5374 6217
1893 5641
9522 9819
2840 6502
7793 135
1116 2517
3827 3230
3292 29
7837 9005
4032 6424
9011 2960
9937 3299
5558 8196
2238 428
9482 9401
9037 3310
4717 4676
5456 6918
1218 4634
2059 4982
6916 7805
9233 4235
8987 8065
5985 7659
901 8140
2547 5191
4210 3012
6135 8578
720 9258
3068 5949
1012 8580
7392 7364
9968 4343
9826 6038
7309 1822
3539 8217
8167 2475
1992 6566
2724 5225
3173 8252
9554 8476
8907 8723
1106 399
2791 7141
8482 2734
6707 494
3419 9558
7980 5497
8258 9708
6343 9239
9571 1351
3018 3965
5264 9784
6419 9545
3968 5236
1465 5969
5580 362
7065 3235
8112 8763
4503 4898
6104 7086
8117 9608
4718 1554
2932 8092
2726 4519
7641 6980
7544 5060
2488 6173
3241 9307
8243 1627
9704 7976
2492 5750
8142 8554
8866 9395
5081 781
594 4953
6429 2162
5986 9178
1823 8419
9020 2580
4976 8994
4951 6156
9089 7455
3598 8300
4653 425
2992 2496
5869 1357
6012 8550
6910 3620
1522 4339
5207 7619
7967 2700
3667 2055
361 3845
98 7673
962 4840
7333 970
8191 4023
4328 1280
3778 7108
7407 2168
549 4992
2273 6051
8565 7532
6201 1277
6019 8113
3128 7853
3400 2514
1692 4934
4333 5588
3749 6674
9420 3754
672 7401
3370 5476
8464 2398
6854 8515
5038 2048
1789 5033
3771 6084
341 4168
5478 2847
3076 182
492 4391
8450 3828
5943 2354
8100 123
6087 8832
5700 2853
1467 2511
9916 8838
2017 848
8648 3841
8961 6824
8505 236
7339 1061
3497 4021
1100 738
4360 8927
3138 4223
3238 4977
3246 906
628 3736
7025 6972
3708 1669
5041 3077
245 1207
5392 2288
7633 6339
7152 3854
6784 1507
8242 1223
8843 2982
374 5151
1674 1899
9483 3870
4341 3991
8003 7199
5360 4218
5983 7668
5337 9825
7572 1757
1708 3502
3694 5747
6650 3888
3555 2870
7487 1428
6392 897
8496 2435
9781 6348
1953 1552
3751 6446
8890 7355
5999 993
1393 6093
1130 9173
4690 6696
279 9651
805 2148
5530 9223
505 596
2356 5009
9203 277
5682 7981
3324 21
6590 9528
1714 7073
982 8548
9175 1342
933 4586
7649 5814
7406 6791
6014 5098
8031 3345
3041 5823
9241 4389
2423 4248
719 3580
97 4187
6212 2159
64 8173
1530 5960
9485 3769
3825 9352
2235 3225
7035 8637
8965 837
3102 6195
9145 8874
9871 4876
3104 9006
5277 7702
7120 4410
5376 3677
1888 715
7371 5351
2140 7549
8529 2691
9398 6668
5587 8404
9549 8825
6455 281
129 1285
3328 6169
5187 4484
7289 1719
4772 1424
8415 5042
6370 5097
8411 2757
818 619
1952 7411
193 5498
3879 6788
9896 9552
8931 6671
2042 6463
8516 232
8767 7947
8361 1008
7186 3636
9187 7710
4146 1027
8538 2745
9788 9562
1607 4683
8398 1802
9960 2867
884 3707
7121 6952
4089 9336
3172 6937
8679 8277
6083 9811
6548 9047
7581 3639
5687 415
5912 7101
2874 7397
5667 7823
3433 4531
8985 7922
540 8982
7756 5333
6778 1643
8387 7251
5477 1886
1271 9847
8224 728
9624 992
9377 9584
9548 1711
2185 4896
1576 5840
7412 7916
6236 2600
5305 501
8362 8216
1000 5054
4153 3170
5047 9583
4292 3682
600 1238
6637 4262
7304 5035
7205 7123
7137 6965
4909 3327
6907 9669
7347 7091
9652 2746
8889 6331
60 1056
6714 4169
3830 717
2092 4400
6456 1416
4545 3281
7841 5749
527 3229
4589 940
2775 5218
8052 5078
3566 6198
9756 256
6552 3994
945 9374
5545 3103
9346 5522
4439 4785
6284 4
5679 507
3889 1201
920 5718
1215 536
8473 6358
7213 676
8977 7811
2215 3277
7708 1997
3402 3159
5212 2560
8447 2116
3044 3022
8791 2891
5922 7892
9845 5938
3476 4201
3510 1134
6549 4921
6911 8542
5745 2589
339 2464
3394 3867
930 1288
9136 1967
9412 2836
6617 5492
1741 4440
7535 2621
1506 289
3377 1710
7546 7872
2567 7458
5158 1871
8620 5118
4990 5699
16 4289
9158 8566
5161 6895
6498 1139
3454 6537
2094 6437
4063 1905
6647 2736
8827 668
2940 3189
3398 5965
5500 4986
6781 6665
8288 5952
4238 4273
1191 9094
5219 4043
1612 9638
8373 9453
6371 8813
3793 7851
627 511
1810 7973
5596 1934
7382 3947
3114 641
7660 2860
5861 3391
2052 8262
500 3853
5928 8207
2135 6747
8984 1415
502 3855
2179 9320
2857 3108
9800 4358
9974 9547
2328 2411
7626 4877
679 8851
1178 57
7573 6801
3342 4392
6349 8102
5221 8257
8383 8331
9521 2323
9190 4251
7478 1255
1908 3908
4739 4536
8157 7325
1063 2222
8297 9861
6680 2460
1447 3887
2224 5234
5795 568
4963 8900
3490 9794
5319 360
9793 2581
2442 8488
4147 6644
3239 4460
1376 9598
5895 7015
602 8605
9741 177
2198 8608
1098 3686
7560 7074
3492 9487
6095 10
8660 8160
3009 3296
3775 7871
3881 8442
3160 3629
2981 3835
3429 1615
5801 8486
7948 2630
7716 8570
489 9099
7921 5923
9446 4500
9910 7300
4749 8611
6579 6967
4416 8831
8400 3048
9007 6857
4291 5546
3484 730
6744 6067
4103 5444
7974 7004
1072 1121
2970 9986
5076 9001
6115 2138
813 875
247 4120
7723 8170
7124 7697
7963 6477
3042 5593
7984 2827
3963 8682
8048 2031
3515 1460
1171 8808
5743 8236
6091 8323
8886 3501
4364 9503
1675 6690
8172 1161
9603 6503
9282 7346
7755 8610
9122 2528
587 9785
2830 3504
3074 6133
7706 260
337 6773
9821 3532
4160 6408
7965 8677
747 6624
4028 8378
9481 4662
1842 5634
9279 7128
6148 9619
4127 9761
1679 4601
1112 1448
2066 1748
7534 5915
8725 9580
8546 8396
5942 199
5128 835
3573 8877
262 2056
9373 9044
4478 9895
5714 3321
3688 7856
1323 6725
2604 2149
8601 2759
4971 9477
7711 9188
8354 3689
9746 8199
4317 4700
2783 3596
4070 6726
2399 2312
2395 4336
9450 8724
5924 65
4529 8653
3141 3808
8154 3549
34 2570
4812 7470
1264 5668
4265 6481
1580 4243
2295 3349
1853 3821
3890 886
2852 6185
7232 24
4325 8079
2029 2758
7393 7385
1744 1604
7680 8275
8514 8794
8319 4553
7088 8892
4539 3097
8185 4543
8119 8569
1470 4943
1388 6886
7615 6758
5822 2199
5577 2618
8381 498
8118 8480
5179 6378
2571 9991
7157 7651
293 8039
605 8692
6360 3282
7832 3653
6309 6847
8306 5145
9869 235
6489 8869
7351 7864
6005 6692
8614 3060
1620 2947
7002 8649
6304 777
9810 1475
2367 7183
2912 2321
3996 1164
2974 3738
7498 265
6375 4495
6174 8906
1167 1987
1354 9659
427 5310
9115 1540
9673 623
1577 4297
2714 6230
1555 7423
3436 2217
3432 4231
4105 9337
2869 1923
637 8010
6488 7390
6368 4675
4941 3535
8455 2598
4178 9227
943 4980
3930 6125
538 1158
2512 2835
8708 674
8195 5091
5600 2108
5286 8537
9799 9563
9844 7627
796 1165
2946 2920
8294 3586
130 7381
1326 5320
9772 3477
5759 7907
4537 1495
3885 2480
2721 1662
7357 1514
3357 4747
6150 7215
9077 5467
4154 1575
5380 1995
9720 4116
2633 9109
6932 8123
8042 3978
491 9189
3247 4955
411 6235
1700 8814
5383 7816
4132 9289
8027 4202
4050 2007
5803 6593
3290 683
9276 5889
5775 9154
1254 6208
7962 643
3949 259
485 8691
6016 3728
8181 8828
4025 6377
3576 656
3561 5777
9243 7387
2388 2130
3472 251
4592 7561
6839 5200
1082 2984
9578 5441
5267 7927
261 9463
8626 6572
5242 4217
1186 6164
1039 5876
7620 2419
8879 6860
1574 1832
6875 5620
9595 671
9879 8327
1740 4227
6080 2684
2132 798
1172 1473
3352 2065
6186 4624
978 8698
3129 8918
7611 9327
6632 2089
8483 2166
3382 8494
702 4857
1243 6310
9765 3607
6234 2194
4143 353
9737 6936
3362 8303
2656 7373
9338 6835
240 2219
3331 2790
5149 9039
1096 8019
1614 3435
908 1457
2553 2802
9071 6221
7768 1890
3745 3135
4996 1565
7671 9267
3264 6896
4449 7274
5856 5560
6333 5575
6859 6837
5083 1214
1145 5844
6699 2425
2424 4698
294 4133
3717 7924
5028 6520
836 5378
5753 151
9396 8553
3974 9660
6312 3838
3258 4285
1518 4847
2275 9277
9918 6075
8535 9642
743 5909
8873 5717
4593 9015
6927 7042
2192 3798
7241 7688
2688 5663
1350 6052
6596 4842
3063 858
1093 5962
5859 9707
1037 6779
9510 4377
8762 8116
5698 1854
368 2274
5059 9491
5838 6119
4057 9455
7828 2973
5524 1219
2211 9251
5117 7603
6589 6006
5040 1962
2497 5125
7506 4972
4294 7446
5240 7413
6686 6351
3782 8259
8452 7844
465 5595
4326 8410
167 7720
1706 7328
4263 9511
6420 2297
6883 6884
1349 6126
3224 3493
7582 243
2916 3929
2786 1587
3421 8448
3646 5615
1949 1731
3122 2679
4907 2843
4322 2863
6482 435
5407 2610
9688 7252
2632 4998
5669 9517
763 7674
4493 2003
8266 4295
3698 1377
3303 1763
8348 6809
5014 1263
4730 3417
8547 4470
6882 4888
4246 7983
9868 4272
403 6768
1146 8493
7147 4570
1197 6154
6395 5308
1782 3286
2709 7854
3921 5199
9027 7116
1338 4225
6054 6767
1200 8279
4924 8862
7721 2670
2019 1142
3452 9900
916 8197
842 9402
1715 3199
1716 9880
6493 4897
3339 1070
6979 9649
4860 6887
3839 2638
4301 5174
4566 4914
6483 312
5767 3807
3679 6357
1828 2493
3336 1563
9757 2428
9992 382
6447 6741
1375 4760
1284 917
1272 6181
7868 1792
9924 2995
5729 5022
2820 4788
9220 1770
7361 5027
9310 8842
7331 3564
4883 1089
438 9415
4436 2661
80 2121
1001 6825
3731 8772
2176 6466
1043 9275
1295 9257
7452 2243
6062 1593
9400 8178
6269 5354
6301 2562
1179 2534
4249 9479
9637 1352
4118 3414
9709 3537
9017 9325
5050 7994
9321 8912
3747 4034
9738 9081
6652 5285
533 2001
7787 3722
3668 5258
5480 7784
5853 1673
424 666
9388 8665
9877 304
7011 3522
5623 329
2837 1299
6938 2681
6657 2
8731 6563
5045 646
3184 9228
9432 5504
7179 126
838 3696
7608 7212
9850 3271
200 1946
8248 9674
7456 3265
9798 6385
5568 8337
3957 1104
2421 5807
2921 3019
6956 616
8584 5262
5055 9885
7576 1494
6751 8478
1977 8111
5772 2504
7905 7438
7752 9666
749 8745
18 5684
6426 1390
9306 8264
2129 5606
4668 3017
164 3911
8630 4172
9664 9319
4097 4261
5802 9155
4575 5178
2063 5215
1252 267
464 4256
5273 1236
6233 2558
5731 4716
4071 974
2043 4269
5453 3116
6295 6654
4836 6628
6659 2195
3494 4191
3787 1955
4658 1274
9973 6846
4620 9150
1405 9341
4206 5008
3037 2360
911 9360
7169 6605
3706 7749
2677 3448
963 5776
367 9768
7075 6881
5202 9057
7917 2880
8607 620
2349 3257
8857 7754
9302 3951
9163 7348
5391 5694
9682 5023
3021 8702
5605 6813
2372 5112
379 9131
8150 2152
7146 790
373 9662
9238 4965
1787 9983
6143 3384
8711 9579
4816 2532
8206 5024
1392 2990
9075 4252
4041 522
4483 3637
6582 3355
5980 5119
6460 4349
4557 1596
6494 1103
6239 3997
554 4302
905 3818
1621 2636
7000 2226
2155 5249
2565 1948
3424 1014
8681 2085
7676 5786
8672 5810
9938 1143
9278 6278
5423 6130
5740 1109
7067 1887
5813 122
9101 2530
6931 3319
3833 6864
657 2330
1519 8632
5626 4669
2459 5127
4834 7946
5427 9843
3902 7938
4060 7712
3784 6669
5789 6319
6510 2585
1657 8221
3597 7417
1926 6292
4055 9330
5210 7262
812 5561
8365 7400
5959 2716
377 5914
8041 6765
3939 2965
9901 4024
9237 4076
5475 5087
1239 7115
8937 6496
1709 6175
534 8592
9572 7830
7531 2760
2697 636
2938 3151
6826 1942
5636 783
3227 1410
2134 7297
2189 2518
1858 7226
9117 2882
2434 7557
5365 1950
4095 1210
4372 9212
5065 3045
5455 9445
1062 6256
8821 5108
7562 7861
7600 8484
9771 4721
6547 2673
2455 5404
6558 7030
518 1325
3183 2473
2800 5323
4569 756
1771 6595
7968 9309
8164 9230
2183 6412
9215 3915
6158 9593
4378 2104
9080 8276
4865 7686
8575 7900
5126 6808
3897 4911
3423 6050
5607 4964
7614 6663
6922 2231
9263 5761
7069 9696
2015 5316
5102 8081
2730 7249
548 7682
6436 9718
8138 9211
9553 9848
3813 625
4945 1108
8287 6529
1564 3372
3073 2771
5532 7772
2549 9096
3066 1091
9164 4370
5280 4861
3498 7598
5657 317
2702 2959
585 4673
3601 1913
7177 903
4072 3554
3038 7126
3446 5139
577 1153
9982 280
2501 7987
3261 8485
631 2899
1600 5594
8612 9498
7995 9851
3829 7803
1411 9681
2175 9770
1935 2409
9248 9308
3161 9079
8083 2628
5935 1202
9967 7324
5005 1998
8509 3914
2738 5904
7473 495
7482 2789
1826 287
2326 2701
4855 1788
3143 6603
770 63
4556 5301
9153 4135
8678 2794
3634 2468
6608 8734
1346 4365
6069 5783
4062 1718
3508 4685
3221 3526
418 6228
1443 1077
9380 7218
1558 9288
931 1799
6538 6127
5941 440
2985 7286
3201 3735
4464 6383
2896 4082
7877 2290
371 7815
4426 7016
557 5671
3740 5180
3891 1870
4997 7689
9067 7997
212 4979
6897 8232
6842 2402
9176 4523
1578 1180
9060 4014
8050 5088
659 3101
3381 4401
4499 4053
8284 4074
7305 9803
3505 6063
5966 7486
113 1476
6376 9641
6254 8134
2937 7415
5836 2986
2377 150
2674 4022
2599 1381
941 7068
2371 7895
1509 7944
9021 3245
6066 7893
8251 7459
8420 9789
190 410
1628 3119
6271 5643
8471 4260
8712 1290
7107 6731
191 6625
7320 7006
3562 841
9092 8594
7799 7852
2862 1972
541 2603
5252 918
3366 2400
6738 9894
506 5312
7700 5787
3182 1241
2972 817
7849 4947
2671 3065
5769 8495
73 4761
2212 2110
9201 6442
863 9023
416 8615
7848 7358
8 5991
2228 5208
4108 5457
482 8807
7337 345
5898 8521
1426 217
9318 8883
4466 5396
2699 802
503 2626
8921 4073
278 6928
1777 9168
4061 740
9865 3512
7725 1394
1704 998
2462 1019
1963 4486
8126 290
989 1831
9934 7114
1066 2068
3721 6794
3743 9585
6142 6110
3016 405
2214 2855
6653 6322
2087 708
8336 6600
4650 5332
3139 1129
9394 520
7678 9372
4558 3144
6700 8756
6500 9046
6912 5331
6508 1841
2020 1846
3387 1278
5031 7923
6192 4561
5275 7089
4394 946
6433 3981
4645 5491
4884 3315
558 5863
7800 4891
8305 4224
6179 3095
899 3942
9097 7024
1648 297
9597 2075
1664 8948
5609 6742
4469 5503
3211 4475
3975 9950
9072 3311
6318 3671
2248 214
8880 2819
8911 9418
1976 144
7327 2731
383 4515
9443 8015
2378 448
4064 9830
3742 9592
6325 2520
608 5748
7296 6517
6662 1489
5738 7699
4098 8972
1265 9404
174 810
9457 3809
3990 9066
869 4799
8986 3205
1892 3469
3531 663
3393 6902
5618 3142
5490 5997
9726 6542
8129 8717
8881 4165
5143 5890
6646 1767
2505 8313
8652 7396
9888 2144
5303 7520
6672 8661
1111 4419
2487 9767
4131 436
9472 4568
1439 4048
9760 9004
2748 634
3147 5072
6307 4983
3437 8531
9856 8066
6421 9113
1107 1852
6413 4078
5578 7235
246 9476
8234 2141
356 8314
1370 7334
6244 5136
9085 4334
203 9234
927 4395
4703 109
3389 775
7781 9700
7910 4109
6423 3928
4114 1773
3836 1947
9284 9156
2797 3080
301 7490
4094 2747
9280 9612
13 6418
1569 9527
2707 6587
7543 3982
2564 1968
8503 6556
3358 5499
1052 2651
2352 4198
900 8513
7080 165
6355 2340
6364 888
3907 6559
1269 5460
4970 6467
9863 2957
5335 1805
3705 5501
8662 8704
9657 2431
432 6753
2270 3672
1331 4783
5304 9824
6036 8840
8074 8758
7908 639
1025 5284
4452 4283
9202 4616
6695 2841
678 9041
5660 6330
528 1739
570 4572
1047 3275
9256 6838
216 2556
5612 4001
84 2708
681 8340
1649 4255
2338 7709
2491 1830
5485 2240
4420 9750
3518 6265
6048 8283
5235 958
936 3558
5841 6492
1883 2304
7879 5621
2335 1743
1249 9902
2009 3455
7664 1835
9647 5834
624 9751
9742 2647
9149 3748
9431 8358
9290 847
8439 2936
271 6321
5049 1815
3814 4954
7112 3643
2531 1276
6821 8847
4587 4638
1965 2237
4727 3460
7127 7419
3213 3789
4422 787
8356 41
8914 5051
4350 7594
7746 4872
4183 3130
2054 4663
8017 3852
7874 4984
5770 2305
8302 2956
7493 2154
9735 9890
3067 7896
8227 8556
2499 1702
6539 9068
4381 6306
4665 5799
6045 7714
7783 8946
172 871
9379 1865
226 6486
3575 1308
197 1527
4240 2357
7933 700
4811 1340
2353 2143
486 7158
1344 6344
2596 469
4038 3547
8699 7904
127 2536
5689 1463
6869 6203
2826 3935
7990 7846
6953 82
6389 5479
9951 9112
7920 1726
5233 4284
1279 1676
5850 7810
7223 603
9519 7428
8416 2582
8475 4088
6704 2703
5602 9299
6448 6336
3715 5309
9837 8600
2664 1723
8350 6871
330 4619
4492 9026
9543 7850
6888 5017
1807 5833
976 6585
8067 7360
8085 987
378 7465
5313 3307
8099 8606
2047 7045
5871 7340
6176 9179
1678 5693
2470 4375
5388 580
5541 8280
1978 8263
5703 3657
6274 4846
8481 1989
2619 3359
5573 3125
9719 3453
1049 2443
9922 8103
9452 6288
5086 8738
934 32
412 7694
9874 4517
1510 6153
8291 233
4817 8991
662 496
1256 9013
5886 3217
9147 1451
2550 5196
4915 1562
1784 7432
5382 1336
5710 1780
2071 2097
7189 6094
459 5713
2993 3378
2928 9000
9587 5655
7658 6411
1619 2313
3291 1824
6816 6342
5063 6209
6626 6022
5534 4912
1632 1131
5590 9340
4450 5152
176 6950
7903 7267
4845 7062
7584 9359
4778 4917
7629 698
5171 6509
9648 1168
5970 8582
1122 1140
3851 6261
5019 6619
5995 9904
3464 3970
7870 7448
7066 7211
4711 1022
3570 1772
670 6511
7906 7444
2453 4839
3540 9981
3206 4214
2172 9596
7762 8499
6444 3979
8247 6266
9623 8659
5018 3410
8693 8624
6682 6263
2643 6551
1906 1125
5820 5994
2202 4859
7975 467
7801 9146
5399 4533
1044 8422
3408 3662
7467 3040
7789 423
2167 4268
6785 5377
834 3011
9990 3146
7026 3164
4790 4809
4313 1318
102 971
3152 4554
8461 632
5551 8933
2268 9884
4798 7483
6416 2979
7237 4725
1760 2041
9607 8730
4264 184
1188 8719
6001 4393
7439 3884
4374 3701
6926 3525
7031 3280
5077 7144
4296 5176
1073 7555
389 6615
2887 7858
4137 1216
2362 5375
6213 6152
8586 7326
1885 9684
6849 3340
5397 6614
8037 186
2279 5106
1825 7307
3051 7798
7265 1521
1592 3799
7243 1889
1579 5465
6072 8267
86 6296
2508 7135
9171 3434
5552 6373
6951 1321
9349 299
5420 1474
8190 7342
433 5681
2250 3847
3779 9919
4551 4091
7695 985
1500 4220
9106 9260
1911 1259
1633 1206
5586 2668
2255 1840
4792 8001
2839 4125
8498 96
4579 2943
9462 4408
772 9331
9755 6518
8133 2718
9557 3407
6570 1721
2914 9285
1209 7228
2722 3823
5061 1986
1127 2410
8655 5122
3392 320
5846 3463
7632 6526
4742 5052
5873 9873
8826 5929
5809 1928
7310 5314
3023 5324
1572 9304
7785 1128
1683 8335
1820 9430
3670 6651
4233 1383
6598 996
7238 8125
8909 8727
4560 3840
6394 3986
1199 6930
8219 3796
5791 3613
3449 1933
7765 7565
3416 7952
1101 5387
4159 5
778 4425
8304 754
9298 3168
3797 1343
2076 5434
6631 7257
9753 5880
264 1561
1324 10000
5848 4744
6584 9127
576 9012
595 6795
2728 655
6102 7207
611 369
8082 9646
2886 7437
1566 2012
8824 8437
4680 2032
3900 5368
3030 2258
4802 3186
4728 5406
1245 4678
4935 2649
6145 9590
6507 2472
7220 4259
8654 1152
8683 124
6607 1541
3115 3553
2079 326
5361 6270
4875 6415
8908 342
8784 4608
7636 4521
4155 9941
315 3785
8024 3075
824 9957
6812 7109
443 8403
4188 9616
7504 8628
9240 8255
9722 2713
827 7538
2878 5944
7889 159
8805 8716
4532 1712
6713 7427
1585 5034
606 1373
3192 1511
7200 3912
1843 472
2013 1198
2723 4908
1803 8755
6786 8694
6250 44
873 5537
9316 4039
1330 9568
8944 5875
4795 7
1002 6636
6639 4652
3615 9421
807 590
5627 2465
8609 6843
7500 9259
1599 6138
3243 925
1936 7505
1436 3174
6023 592
9739 2781
4399 1545
1137 9271
4712 4804
9397 8053
1629 6924
4540 8506
5012 6453
8399 9532
9252 6109
2727 2025
5752 8670
40 95
160 6303
9814 3316
8477 3916
9723 7808
6528 6379
9653 3219
1605 5150
9125 2828
7291 7901
2467 3242
7763 2206
3534 323
7187 7454
1345 7224
2128 3723
9375 9103
3149 567
5728 7748
4868 3882
4755 1861
3294 7316
48 8344
3360 8855
5084 8705
2430 6724
7099 3214
8177 8922
3967 2739
544 4176
3767 1877
5231 9184
1534 5384
4230 4514
5113 1124
5866 7208
9683 642
8710 4648
2913 9469
9339 6919
3163 8797
3334 2117
7644 1266
6381 1224
6338 3106
2163 7540
8899 3495
6574 6202
4674 3538
6147 2658
6946 2008
1776 480
5010 9832
8938 3043
1684 7426
6161 6865
543 2551
3621 6879
4597 4253
2662 2712
8421 3459
2481 7809
6366 1009
9464 6876
4511 7359
5825 870
7747 6641
8131 658
1102 4974
4175 3691
1608 7653
9214 9740
3111 5157
1348 50
7958 215
2503 2406
2772 7298
9668 4567
6409 466
8686 6406
3757 8923
5961 462
2101 5542
8590 366
2817 1226
9944 1260
9219 67
4858 5979
6077 9088
1516 8062
3626 4752
8397 2049
2289 4682
2977 2854
4781 7023
1361 9693
4578 4241
755 8374
6977 5163
6519 7587
6534 6099
7704 1141
3652 9577
3516 7902
9312 54
1798 3635
938 1646
2576 58
114 7508
9678 4821
7136 5416
3373 4030
2933 896
4622 6332
488 9119
856 1764
6479 1821
7317 9051
7292 851
6760 8971
4696 179
959 2821
9835 9470
8621 5792
1665 3761
542 3180
7685 9033
1881 3154
2379 4549
661 5868
4196 8352
8278 9507
8382 7515
9121 6715
7993 5302
6171 5894
2769 758
6495 4583
5247 2067
9817 7681
4508 9980
4930 8636
4672 1427
9748 5271
7288 74
988 1033
3955 2495
1559 5550
9818 8768
3866 6685
5845 4497
721 1126
8563 4655
5020 1298
8268 609
1194 9273
6827 4454
973 3363
1313 4481
4701 9114
7657 1508
3587 5417
3325 4957
4906 2299
9393 5903
6635 7663
9172 8508
1756 3004
865 6471
6797 8786
5782 3948
9891 143
3388 508
675 7017
8059 2704
4107 210
8688 5766
4306 1817
8522 1267
9854 2227
2376 8412
5447 3524
7171 5884
1286 5393
2269 8868
27 4646
4628 5279
222 7731
3474 9732
4661 5725
3605 2963
3934 404
1086 7362
6056 175
9661 1358
4197 3623
4352 3267
3397 9439
69 2522
2541 9606
9499 8841
2348 3406
5443 1418
6504 3650
1725 1454
2208 7103
768 7558
9933 9413
2197 1697
2021 1322
6913 5705
1513 3025
5025 192
4928 6015
8684 8919
8115 8222
7102 1808
9174 6035
7254 6204
2871 3003
7047 4203
833 6863
6246 4892
2593 7374
6258 5576
7992 3026
3919 3109
5533 6384
9838 3208
9550 5951
9324 7472
7797 9581
5306 62
53 4359
6790 3583
7376 7167
7717 2024
6341 5978
437 2930
3218 7857
9989 3699
3641 9542
5974 9988
8161 6630
2752 5226
4502 5037
2675 1446
8414 7277
5261 4077
2927 1147
9702 5931
9061 3425
3057 7718
2103 1257
2667 1309
4258 6604
5483 4740
3198 5656
9151 8806
5531 731
9710 1435
6017 9667
6544 9407
6522 8920
1971 563
2165 5194
2457 6858
759 4002
3297 6427
9858 8901
6030 1248
4405 396
7284 1402
1920 461
7539 2996
4526 1079
6070 1879
166 894
4940 3203
4931 1850
7590 1733
8430 5496
7880 9631
8528 6531
3678 9591
2743 9927
6564 4150
866 893
4005 2244
477 8973
3585 1493
26 1050
475 6134
7302 2907
4134 1556
8747 3462
5764 8210
2614 547
5968 5003
3193 7529
3050 7511
5818 183
9139 3478
3572 2452
2466 2204
2919 8467
5482 8272
1293 180
7303 9574
7273 4434
2876 2336
877 5100
22 6025
8035 9083
2095 3007
9480 7831
5451 6763
7153 3234
6380 3824
5920 4732
1847 7403
8853 8332
7266 7491
3418 2848
4189 1432
4850 137
3816 3488
7391 4368
964 5758
2333 5043
2577 487
61 1922
8325 4414
4461 9265
5629 7875
8490 3541
4880 2283
7313 4818
1873 5571
2381 6561
6155 9322
2568 1882
3630 1982
6804 6
6935 1442
156 7521
3610 8875
4354 1378
4956 5572
8016 8761
354 3207
5372 9533
1021 5732
8438 1801
6732 1490
718 6709
7097 1796
8407 9362
2178 1644
1668 6118
5296 9643
5835 5002
3685 9053
7356 5900
4801 6536
6388 4603
7742 4815
8008 105
4776 3579
7250 2005
2090 3730
5553 6807
7378 146
375 8120
2257 8885
9076 7824
2991 5248
745 4404
6231 1636
5624 9691
891 3895
7628 3090
8530 9689
1064 5403
8366 8622
2285 4437
1804 4505
7012 525
5754 3371
300 238
5727 7527
2964 997
6553 2623
4810 9698
2458 3113
8897 4697
4993 5192
6798 8966
9343 234
8328 6873
5742 4337
7796 8260
8130 7450
471 979
7184 9538
5438 8326
9386 2245
7672 1499
6830 4870
6844 8390
3256 2018
6557 1834
6470 8861
2077 2888
5744 820
4885 3481
9752 5350
8970 5798
6995 3786
1341 4635
9466 876
2552 612
9685 4184
4766 9672
564 9266
7203 8413
7219 7301
5000 5144
357 3456
6764 3533
3365 3946
4948 5338
1240 2918
8604 7978
8106 1440
9875 5464
5831 4122
6346 3794
7330 5110
6687 6954
816 2281
7188 5327
1526 3923
1059 4247
8487 7986
7501 296
3379 7163
694 5658
3473 8749
1878 8894
2322 7338
4629 7077
1586 5346
3781 202
6499 7932
9576 6247
5356 7480
644 4192
5080 2851
3826 3917
8018 1570
5963 2414
1123 4633
2953 8469
8559 2792
4442 593
6299 932
725 398
5972 2502
5185 8720
1211 2605
4347 1477
3791 3061
4791 8108
6190 4524
6224 9182
8101 2762
1794 9473
7422 9425
9915 5140
4046 7113
9697 3348
2740 8208
9912 1406
9438 1778
8741 1876
5881 9073
7485 7878
981 1618
5901 3181
3374 7421
7155 5415
7604 769
55 9535
4936 909
1918 4704
5184 3496
951 3777
5599 6491
9525 2477
3755 5425
483 7559
9191 2616
7550 9357
6365 445
5711 6055
77 1335
6705 4535
7569 5468
9867 7883
5272 6997
7182 1695
561 801
8188 8058
8098 1927
157 5724
2062 2646
8057 4379
4385 1800
1232 1956
2171 2292
922 589
1961 5237
9855 6740
3959 4671
6329 546
468 2383
393 7727
9344 753
3087 4221
6280 7624
1901 1404
850 9948
4714 6734
7707 5584
716 9644
9403 3819
5190 9082
9663 7507
1505 8958
2440 9478
1464 7522
784 7911
5073 248
8311 3578
3401 5138
3903 651
2030 4611
5414 6316
578 3875
45 3445
7079 2902
3848 4933
2461 2387
5987 6079
8274 791
110 9958
9913 9686
2026 3220
3611 2692
8916 1069
7791 4355
9040 5322
7388 6461
7542 1582
8674 2266
6289 376
9471 7332
8952 136
8585 7020
4242 7185
7642 8357
9029 6287
6514 5431
4878 803
8680 131
3523 4509
7420 429
5449 1557
764 7982
2264 4488
591 626
5203 8700
5442 9905
1694 272
7336 1647
4017 9381
5223 1891
7475 7564
4179 2315
419 6362
7726 2537
9823 7750
89 7821
613 5735
3550 2893
1312 4342
5652 9370
5204 6386
3822 640
9382 9354
1011 2358
6986 6013
7648 5146
8315 6782
3509 4969
3944 4919
2994 517
1492 3980
8929 7049
3718 8844
8231 3756
6770 3985
942 6220
3764 8581
5574 309
5672 7885
3166 4708
955 9365
4026 5934
7488 2405
8865 5328
2310 3096
9712 5905
1320 1060
499 4814
3466 614
1301 1268
76 9384
7835 3926
9492 4871
6071 9118
6969 4837
6435 566
7175 2917
7919 71
3693 5347
565 8555
8799 860
9840 6993
9286 295
9759 3451
2006 2742
6783 2471
1281 6978
104 5556
1651 1793
598 8087
9801 5462
6352 1275
2686 4254
12 6676
2816 5701
8023 2408
8175 5862
5734 7739
6975 3056
2196 2407
8925 5597
5507 4552
7052 2153
8229 2864
6139 5936
892 9426
7007 1707
9613 3591
1379 6670
9853 2834
1409 1445
9493 7807
6761 2515
1902 9588
569 3049
1196 2293
3843 5746
1589 6214
3937 1367
8934 1617
9408 4128
117 9366
439 6361
5630 2733
1745 2815
7234 1863
3442 1099
944 2763
7090 556
9350 8895
8501 8395
6569 2083
5990 9897
6717 4666
4949 2296
3687 8520
3592 9816
3837 8072
2824 3874
8518 6122
1067 2574
3962 8289
550 5062
7601 8936
6120 8316
7733 9518
6970 2801
8309 9440
5976 652
7588 3244
7985 7037
5721 1314
2385 8850
2303 7061
3439 7696
5502 141
8969 551
5474 3167
5774 6739
1420 3820
6034 995
521 4828
7503 1182
588 6026
3565 8165
5142 7998
4687 6889
8568 3954
7447 5756
7713 7513
4506 1503
1382 7164
2064 1769
6106 2107
3676 7599
1538 6698
2925 3298
3131 8479
4382 3574
4477 1017
7319 6840
1654 8519
2187 4000
6750 3844
5591 9955
3140 1317
5435 4504
8534 553
1943 6390
7053 5854
6324 8038
4771 7843
3085 5946
9305 6101
2563 7888
545 400
1085 9634
7931 2158
966 1055
9898 1028
1613 2866
4126 3873
9655 8468
9294 5189
6260 7579
9454 7936
3812 9025
390 5107
2942 7631
7408 308
7795 923
3654 4113
333 1584
1419 1250
1703 7692
9474 5170
6146 6620
1080 3254
3364 2023
2454 8968
739 4279
6183 9157
2676 8075
4737 5523
5241 774
994 8149
9019 1880
1912 705
4550 895
1606 3465
7261 767
7567 3123
3020 8650
5183 8253
3503 6199
9315 5720
6449 1921
2181 2142
3006 780
5297 6941
1155 2051
6458 4315
2439 8748
779 8517
5092 2325
8466 6814
2778 9706
9124 4209
5902 2393
4733 9567
8080 4607
7270 8588
4642 7433
9417 4167
4613 4195
5300 1829
7640 2873
1937 100
8405 5085
4559 457
7751 7308
154 7566
2232 5670
7999 2694
2641 6294
6078 9484
4421 2028
2318 7509
4237 2690
4595 6845
8021 3729
599 5696
3904 2665
6588 3444
223 1396
8339 5647
426 7609
6184 7650
4534 249
8664 1081
7275 4692
2569 1747
8022 2998
3441 6737
630 5004
1691 2639
6335 2811
9054 4330
3568 3268
5370 6787
6391 6473
9724 3499
9255 6007
3832 9035
537 9954
2309 6400
3521 7404
2147 2186
4346 5977
6775 2267
2997 9356
6640 3010
319 673
7773 8212
8143 1481
9556 8402
8941 4978
3624 7516
703 8576
3642 9909
4715 3158
8095 3664
7639 4768
6689 2182
5598 889
2924 2482
7847 3187
9972 5413
3468 449
2672 1233
3801 8338
3222 8241
2262 9194
7834 9064
463 3906
285 8736
2201 6939
9714 9291
7056 7771
8163 2529
6515 9822
9849 839
344 1560
5458 8045
4874 7395
7295 4654
4657 3584
6382 6043
1696 9774
8060 539
5283 1036
3560 8867
4784 384
9889 7174
882 1391
9795 2533
1786 4664
7279 2978
5461 6649
3487 207
3117 1110
9022 8011
7033 6251
5175 1051
4894 7523
986 3058
9692 5421
7168 8360
2881 4058
7160 5172
253 161
5947 2687
3622 5007
6694 6226
6297 6248
9769 3850
4409 2922
5459 2642
3309 579
7231 8703
2082 7290
4516 3470
8856 8728
1775 4431
3443 9509
3278 8180
8551 4937
2595 3817
286 6878
6074 7971
6058 431
6187 6323
9087 2127
1939 5256
9711 7259
638 5893
4905 2872
3134 737
1785 3805
3024 4651
950 9177
1638 4961
3983 9133
8155 4293
9744 4584
5910 8346
8526 5471
2091 7242
4164 1400
1529 4604
8800 1761
4398 2900
4310 9411
928 2737
1896 5390
1157 8194
722 3964
359 4446
138 7214
3910 3013
6011 6300
5291 4457
1328 800
5426 2509
9520 8646
5680 2433
9468 239
7897 7654
742 4599
2892 6193
6223 1547
1940 1639
4307 7822
2678 8790
305 6178
5685 4112
7271 2813
6648 2849
4777 7935
5251 9135
727 2207
2450 6090
2351 140
6451 3632
9970 3136
5755 7318
4576 7263
409 8246
2426 8657
7691 7621
5828 1235
8798 5771
2588 2174
4171 9539
1015 4438
1230 3790
4541 2133
4991 689
3593 1084
2445 7790
1229 1217
8005 152
7966 6822
8801 2931
5056 9628
1671 3943
6963 7192
3856 843
8891 4707
9834 7732
4373 9936
241 3627
9749 2345
8949 3746
8089 9859
8408 6454
385 2002
7734 6708
7943 1034
2578 559
4565 6533
8913 2543
3322 7525
1991 1316
302 8817
6677 2539
5723 4779
1816 8742
3869 6242
9892 3415
2999 4100
7670 6723
765 5509
2640 4530
4632 1013
9193 8030
1162 258
1783 4007
4329 633
1374 106
3039 4086
9599 7272
7201 8539
2597 4047
2906 5265
8032 6513
2622 9216
7833 4250
4893 9531
6748 9993
6298 9209
5638 7913
8639 2566
7869 2579
7675 5340
8454 8265
1319 1174
275 6305
3776 7899
937 2150
7574 6962
4111 2324
8779 2234
2106 9546
3594 1480
4121 7637
1548 5229
8068 7647
9658 4542
1750 3034
7161 7311
497 107
4011 8104
5864 153
8963 880
1524 1994
5525 5763
7442 8312
8318 2236
6940 664
4985 1595
218 4643
2894 5569
6144 3936
3758 1369
5984 8729
7343 7217
2478 2780
7759 5069
3054 4180
6211 1159
7190 5736
5281 4215
430 3231
5973 1727
5842 949
4384 8915
3988 9185
3711 3545
6769 1491
9317 4950
6856 6484
8214 1006
6994 224
3759 9128
5622 9442
9208 5992
1765 2948
5293 451
2669 9244
1812 8603
1076 9225
5147 9969
4923 7468
9028 3015
5712 5648
968 4973
4376 6114
947 4199
6462 6660
6422 8151
3252 8443
9185 9652
72 2139
9137 9184
2452 312
8077 42
7504 4034
3416 6721
9520 8498
6152 2111
2691 1145
6370 239
6600 6457
422 3191
6273 3928
3101 2858
6715 8527
4223 71
702 9466
1714 5836
6852 1205
4375 223
4832 7124
2035 7367
9999 9787
9683 4894
8975 6658
1232 9893
2685 1871
4959 4519
2814 7038
6845 7847
5864 652
1650 1471
2470 332
3616 6357
333 2069
4706 8137
5731 7753
5346 6185
7680 6667
8831 3071
9389 7252
4377 2392
8642 4988
6264 1086
1158 7484
546 5681
3555 1781
8771 8413
7597 2317
3263 6067
4603 4500
6785 431
8751 1250
6268 5364
5814 3128
9291 8619
269 4620
1636 5773
8669 513
7654 6351
8749 442
2036 8668
3662 795
2410 1627
6839 857
4850 9630
4768 994
1912 7751
2357 974
916 4416
6607 8703
9934 8801
2915 3920
4044 545
8222 8654
2201 2194
1023 162
8087 4060
8426 8773
6943 3013
5306 2644
7288 270
7849 5810
6605 1598
305 4271
5888 3860
374 6936
8094 3851
3383 5452
6913 12
7277 6618
4856 4414
5951 5889
324 1399
2927 1109
4945 1072
9002 9148
4743 5253
8045 856
2024 2963
9682 6794
2924 3462
9665 5282
4864 6113
778 9106
1184 5657
432 6477
6579 1824
3057 6849
3271 922
5645 461
5702 3353
1454 1320
2809 3439
4721 8806
3799 5211
8295 4368
7232 9329
7360 5420
4504 4994
8995 9966
8696 6929
2930 9921
9590 8860
1625 4787
2710 7775
603 4127
2377 592
5063 9404
8255 2895
8911 9142
5518 6883
4524 4117
1719 9072
3426 3033
5386 9433
8304 1790
2403 4158
4930 6825
8800 3814
3435 5468
9749 7165
5035 1720
3623 8097
2320 5503
4530 6674
4551 3441
7666 1
1016 7552
5673 6746
7137 4244
9571 7773
9290 7656
9155 8055
4062 882
6566 7566
1916 2628
9501 1314
6139 9786
824 6151
6940 9394
7227 2518
4454 7066
1831 2504
2075 376
7932 5760
1227 7095
3373 7320
8244 7832
4118 3192
4602 6603
2351 2279
9180 5613
4236 9286
4402 9053
289 984
3215 3663
7420 1958
7362 6928
885 7754
5413 9796
7565 3398
2136 589
2844 9218
9202 7721
7830 9713
907 2042
2469 8234
518 6714
7368 6837
6623 8209
3702 7521
2005 7914
7121 2324
6677 3794
9233 3527
99 1848
1050 2327
6449 9474
536 9731
6709 7167
2093 578
7202 5280
1440 6162
5522 1673
8702 2840
3509 1141
4493 3139
7483 7293
3978 9242
9317 1237
1947 1043
483 7378
1219 3110
9157 8337
8878 1775
4891 7286
9783 4114
5234 1894
299 1449
3242 2709
5600 5095
765 8444
579 3747
1369 8536
6759 1470
7957 6763
7530 7788
4699 9099
7908 9946
5775 1143
1323 6707
8182 550
9867 5295
7772 3548
5682 8221
6626 7248
2850 3592
6422 2851
3647 9870
1261 835
4304 1508
5143 6503
6582 7920
5235 2976
2417 7077
9069 215
5370 8583
9611 2421
5354 8041
4643 2505
3127 4568
4555 4814
8320 2510
401 7905
1587 5501
3810 9251
2825 143
1803 5593
6216 6246
1606 1240
5296 745
794 387
6624 758
3081 5336
4979 8807
4827 967
8040 1457
7313 485
2493 6756
9076 4702
4691 958
3618 1892
6314 1373
2870 9833
4220 785
7438 6965
1664 7857
6097 5064
504 8404
489 465
6770 4597
5647 4798
8387 1819
9692 1910
3240 2239
4424 1963
5943 4300
1388 9339
7605 3230
8830 279
3656 3477
7394 8307
4770 7988
2511 8328
9732 3364
8239 1495
1385 6903
5195 80
995 7284
1712 6418
6627 3904
4435 9886
9982 3358
1206 3977
225 4749
7951 4931
3334 3798
2168 283
8341 2514
6999 9168
2489 2332
2985 1392
1654 7269
33 8954
7405 1102
7331 3314
6898 6240
4102 2624
8522 8976
6467 6276
6933 7079
7582 1487
5368 8122
2661 4532
790 3511
5601 3446
9608 474
7054 5373
3728 7407
1565 8932
8335 2462
3544 1802
6133 1744
612 5825
5963 8436
9905 9071
9266 5720
1665 3763
5954 5565
1087 4350
5577 4639
400 3736
8984 6895
8978 3009
1353 5222
2355 1001
2060 1213
2622 6939
8432 5313
9800 3692
2799 3840
8746 4033
5763 3025
6309 9743
6625 8845
7663 8922
4588 1022
5492 2855
8072 6356
2823 6267
1868 278
4412 6777
658 8546
5339 5908
3587 8004
6652 3908
1214 2368
5133 1731
906 4483
1769 586
4634 8573
6476 307
2497 1256
6445 5511
4043 3649
9860 5863
5940 925
1489 4534
6572 5046
9232 14
6212 9077
4829 1247
3603 6835
9632 8271
9341 2134
1417 1296
8472 1599
7761 2406
1541 7053
3241 6081
6109 256
412 2893
9194 1913
1303 1911
2957 973
7351 5822
8050 2788
348 4665
2437 8921
5948 8887
7217 7191
9681 6183
8312 7358
5177 7918
730 1797
6889 8395
8435 9785
5580 5361
2087 200
3938 9040
6292 9646
6159 6750
8943 7120
1077 7617
6838 1511
2133 623
2238 9478
280 6540
2224 2258
952 5870
5928 749
3687 4269
7979 2110
8159 3496
8737 253
7887 6035
5709 3500
3320 2523
6701 8672
1670 8438
8427 7418
6013 9792
5128 3674
2830 4286
63 4521
4708 5010
1036 3556
9819 4740
6041 4868
8936 2541
1646 9515
8424 8133
640 1537
3181 8036
8563 9702
4523 8843
6702 4146
4681 3298
5276 1566
3121 3562
9961 2634
5651 6355
101 2923
7100 5192
9022 9435
2904 4231
218 6452
2126 9809
5758 1753
9716 9641
1876 2384
8172 9103
9842 6920
8181 5318
2177 9261
4438 1563
840 1306
5218 2787
4193 466
6347 8929
183 4812
7164 2572
9241 2375
5084 2292
9939 4932
3627 6513
9827 2315
9497 1793
8987 5678
6953 3179
6612 7223
9635 3360
9741 6576
9210 763
3452 3311
1758 9595
2273 5817
6074 302
1676 9707
5239 499
1539 6826
6173 5458
8275 9179
663 1172
819 7779
8396 2609
4446 7506
8617 9603
1866 9340
6389 7759
8068 1647
669 1176
3107 2768
5037 4039
8818 8473
6663 9028
3195 4996
8897 2971
7022 8327
4696 5812
3573 2316
1814 1038
1844 4655
679 5479
4265 2894
6967 3425
8015 3586
1005 5520
3058 2129
1490 9816
4564 2755
7968 5191
8744 9114
1367 4332
199 4417
57 9843
1556 6565
3267 2188
784 8048
6483 7750
7771 9628
6659 4822
292 1934
4160 7684
405 9684
753 3235
275 7109
7697 35
1540 9007
8562 6808
2653 7744
9955 9319
3744 4800
7130 7208
4289 1378
818 81
7939 2086
8192 3735
7067 3087
8417 6966
4986 5129
9215 4178
2994 7793
3117 8116
9617 977
6297 4739
2929 8827
4149 8565
9799 9020
5014 7134
5309 5178
5683 164
1381 2626
3467 9964
3583 425
3947 8315
8091 5515
8380 4941
2102 6315
5132 6712
9181 2793
3177 8451
6172 7302
5126 2082
4563 5216
3831 5423
5059 540
8580 6975
4408 8539
18 6737
2896 6362
7276 384
2835 3638
9460 7451
8809 7519
6537 2899
500 8693
8983 9855
6023 4516
1019 6306
4684 4998
1835 5127
3748 9211
6083 3897
2795 3743
8456 7173
2986 9469
9112 9735
1761 9268
1707 6867
8293 7537
9769 9565
3455 1853
8136 13
4110 1628
9057 2302
7899 5266
4345 5030
4853 2774
3659 3861
2363 435
5733 455
7235 7573
4513 5125
3340 1855
4682 3060
4584 9866
1284 992
7529 5747
3424 6577
5202 6592
1584 829
395 8535
3803 8049
5065 1198
4472 4283
2080 8725
3800 3537
2427 7224
1402 296
561 2934
3578 3870
7424 7610
9823 9908
4232 8330
7160 8528
1734 6704
471 7478
7450 3513
6789 8310
8415 9195
5428 6613
5896 201
1691 5605
6163 3629
8298 3168
5771 2746
4003 8042
5473 2989
8268 9373
1310 5377
9223 2241
2186 4050
5399 9651
999 4920
4369 5587
5387 3519
7634 1012
6552 2639
3883 8904
9205 451
8671 9118
1429 4116
7810 7151
8959 5185
7139 6454
5809 2284
5446 375
5785 4144
2360 5210
6672 8601
1127 317
6604 9725
3349 8558
8448 9592
8009 9274
6633 7837
397 2167
8639 5804
1600 4005
1130 2608
6609 8714
6186 7466
913 5960
6106 3070
2665 4737
3472 5654
5819 7633
3581 8372
8170 1064
6926 4992
417 4541
2769 6260
4354 3158
9359 7889
1173 2972
9697 2638
2910 7338
6713 8198
9338 287
2879 367
1131 7523
4840 9947
9150 517
4213 7268
5255 9207
728 8208
9863 1166
6689 9015
6408 9812
4384 5092
5841 4861
2260 8280
6171 5247
4565 2764
6080 5791
4211 5680
6597 3630
6987 7611
9774 2120
1183 4162
9119 575
9395 4443
2123 1083
4426 8054
2827 8285
5628 6311
9810 6906
449 8595
1492 9224
9288 6286
6771 9512
2820 3386
445 5837
2998 4573
7361 3644
3988 3051
3697 9895
8058 3098
2023 8885
2190 5891
6775 1494
4326 7940
1872 3306
9486 1201
9869 4393
5563 4764
5527 6638
943 548
3694 1530
2448 17
1483 5955
2286 6130
498 1222
3521 5113
3259 8270
7876 3284
1982 3326
2442 9061
5182 2272
2204 6836
8446 6354
1997 1160
4206 4806
2436 9172
7854 2154
3096 5496
76 1338
6997 2229
11 3924
6383 2699
5621 2852
4419 1575
1668 6868
9669 7125
7769 3103
2211 383
5344 3797
2736 8075
8553 8864
7996 7430
2938 1169
4184 6648
8764 2066
7545 1238
7029 8194
3104 7323
8882 6439
5003 2252
8568 8883
3758 9222
3773 9927
4068 1313
320 7536
7192 6015
8647 7789
7542 3961
5464 3419
5622 5585
2737 6985
5595 4621
6864 796
4744 5457
1325 7983
3163 2091
1153 9550
158 2663
8638 5229
3029 4243
6968 3557
4002 9975
1631 3812
714 7561
7263 3172
9235 5100
8228 5815
7044 3225
9464 1551
9639 4820
3913 6585
3843 3849
8903 8346
5481 7043
7695 4779
4006 4398
6248 1948
7796 2094
155 7057
2101 6064
9879 2413
1334 9584
7188 1695
1608 7324
861 179
9654 9876
4670 5043
2288 9570
4494 779
1722 9165
5365 614
7486 8592
4175 9094
3072 2693
3906 7309
4132 866
6226 7310
5069 2592
3558 3847
8602 3089
9025 1108
2791 8357
3934 1224
8096 7516
825 742
8784 3086
4569 8073
6156 2031
3889 8963
9104 1384
2802 4082
2571 7365
2656 2245
6029 4660
2689 717
7716 750
6631 434
2884 7690
2460 5299
7239 7961
7927 6686
5572 7815
9668 1624
8552 998
9892 7917
9598 3700
7586 2749
9453 7981
3202 6453
8594 6092
8992 782
8793 6578
2598 107
7641 6716
1614 7495
8454 6377
4553 9880
1062 5549
450 724
4305 118
420 1502
7142 109
2933 1333
469 9996
136 5558
5108 119
5369 4441
836 1075
7829 7110
7145 9623
8540 1905
8658 6291
3854 7426
616 9549
6382 8474
7094 8779
6455 7018
2390 8786
6516 1688
8161 7871
3899 7693
2331 946
2637 8128
9748 8857
6219 6855
6817 2486
3216 6188
1732 2762
1991 6639
4462 7339
2670 3038
1674 2105
8155 4676
3148 202
8471 9146
1436 4155
1993 1580
9445 9132
6530 3165
3275 9529
8020 7531
4536 1390
3564 8125
8730 4923
6954 2562
4975 6922
3997 2308
1642 9159
1659 8274
1919 2124
411 7865
4124 4750
8537 4694
8951 2682
3049 115
4904 6524
9977 3683
651 8673
4133 9005
3108 7118
8210 1739
6424 8986
7031 3834
9041 1147
5571 6758
4956 3828
7295 2166
4476 3388
7626 9513
6230 6475
1488 7033
4548 4278
7464 3088
3706 1527
3198 1002
220 4944
8236 3371
9347 4284
117 7441
1287 6919
5463 365
6 9140
4250 1609
9522 7186
3769 650
4946 9397
7994 7390
8142 4952
2566 683
1332 203
3336 7588
1278 4527
5323 8713
4165 3368
9563 7187
2269 8548
3237 2952
865 1245
1125 5635
3310 7183
9149 1014
5874 9582
5851 8880
5903 2993
7321 4310
6443 7457
9135 3591
923 5149
5170 3825
5956 9287
5099 1526
43 6568
4782 8022
6745 141
1225 5676
5487 6207
4069 9214
9808 9923
526 1186
473 4559
9542 1274
3749 5835
8861 8240
187 5769
6870 7065
8720 989
9747 9302
2311 2289
7974 8398
2026 1266
2803 6255
1671 6726
2097 3213
2713 7352
137 7726
7316 7468
2084 7795
7060 5740
3790 3667
6496 2834
9894 7510
9036 8031
7574 6237
6562 1047
1820 9678
4285 3912
1741 6304
6791 8052
9151 1710
7845 5284
7502 2006
4474 9686
3068 8892
6398 4444
8316 7671
9 3187
5745 7233
5198 5432
9321 9423
541 2981
919 6396
9245 3447
1716 1632
576 7570
4054 2875
9881 1585
802 3533
1055 9023
5058 8874
6762 8886
710 9400
5221 944
4087 9100
2373 744
9728 3212
4262 8499
549 7429
4716 3753
410 1576
352 3415
5450 5630
7767 4463
1546 8394
3596 6816
5524 362
7710 7702
9883 7949
9095 2300
3501 9535
8373 5639
6606 9264
490 4674
7698 9163
1764 4929
4008 4295
4297 5283
8579 6365
5175 9710
832 6812
1558 5732
6332 5090
9038 3463
2333 7328
2054 3979
6042 9551
2759 4836
4423 1269
5334 4533
6768 2328
5405 144
698 5312
6526 4168
3604 7220
4538 5156
6262 5343
7580 4064
9990 3372
7392 3220
5865 7343
1560 1294
2484 4883
4095 3514
772 2829
5857 5805
8719 9392
8162 8912
342 3832
6873 9723
7198 2431
1220 6828
8851 3893
3619 5861
7213 9983
7176 6994
9459 2466
3677 5268
2680 2698
5484 9064
9113 5784
4752 2540
1689 8624
6070 1010
7157 6703
8533 9527
7434 6857
677 6319
9841 7023
7903 4980
8342 3288
1336 4940
5165 7163
3711 3615
1845 5025
8249 9708
9784 6697
4025 8717
9521 1258
2756 4306
2642 8519
9997 3209
3707 4469
9152 7425
3300 1418
4246 3931
4579 3157
3673 1603
4558 4717
6432 4791
5050 3787
9278 7350
8462 7205
8759 4709
4700 4481
8219 4543
7471 9048
1439 2932
3754 4499
1553 597
6288 1737
1616 7958
6671 2461
5193 6911
9857 6327
5995 3116
6421 4321
6806 7896
7238 828
6363 5475
8199 3725
1543 4786
6841 415
8532 1531
3939 9943
6218 7937
6180 5425
493 8863
3824 8190
6780 1116
508 565
4600 9861
6461 8491
1395 7482
5378 3061
7608 4455
9424 1615
494 3775
1889 2549
5237 606
9415 7686
1718 7872
3397 94
4166 5207
7184 1032
1223 509
9240 6489
9412 6335
6057 2948
6632 4866
4245 8478
1474 4687
4899 213
4985 4925
9891 3778
2108 8493
6221 8411
9619 7809
9176 2072
7998 2684
9364 4200
4233 1257
1252 3563
3598 5886
7776 8358
3203 5412
4212 2831
523 5644
2876 1605
1081 6815
5904 6120
834 5705
9087 5119
9068 265
1917 9742
6773 4823
7168 9122
7146 5751
3356 3100
2015 3258
8734 2991
4394 8643
1456 2070
8370 3668
2261 5821
662 2424
38 2433
5486 4549
1915 7512
2309 2150
2978 823
9361 8850
4140 3146
3014 4287
1597 8126
418 2794
5430 5009
326 8653
6525 2107
7725 188
3430 6469
3624 8391
5692 7618
9561 7488
8329 7487
2408 4361
6402 3525
628 9108
2275 5142
8376 7222
9485 9724
6635 1922
403 8813
5083 7738
5180 5433
9664 9904
5345 4531
503 9281
1860 6214
2435 9926
3973 5214
1898 5138
8961 9160
4825 7214
86 809
4503 869
3115 1393
70 8973
4410 543
553 6321
1000 7442
1774 8188
7987 7467
6052 4016
2815 8569
6951 8288
863 7632
8037 4688
8981 841
5833 8333
8317 8356
3250 1066
1791 8309
7431 7790
9776 7299
9991 6804
8884 7704
3206 5380
6749 4672
5949 9046
3133 1592
8727 5032
9933 1362
4664 5271
9591 2303
5353 607
6666 2334
2526 2365
4107 8112
7123 5944
4535 2271
304 9012
3541 1918
6033 4723
5594 6361
8821 1529
951 8311
9737 8291
7070 975
8526 476
8762 3403
7669 9703
2485 915
5686 7647
6831 2041
4497 5947
1839 5990
6178 1925
8625 1146
965 8290
9124 4693
5719 1931
8636 3607
9482 5636
3609 7127
1519 2867
5392 2352
8220 4079
5675 9685
6027 1042
3123 512
3125 6995
2868 9804
2378 357
4943 2861
9844 6320
7388 9093
6242 7713
4871 4690
9514 6580
9537 7155
1128 2140
9220 6653
7581 1759
5721 901
4192 719
1822 6375
4397 447
9109 6051
8064 2
3584 1571
5925 917
2760 2819
5953 7736
4718 5209
9139 1569
3862 2995
4385 4961
9455 4207
5933 1260
5288 4075
3675 8531
2210 8662
8501 9246
7674 3016
3999 24
4981 7078
5049 8605
1356 7381
6111 2881
979 2253
746 4404
7869 4028
8926 970
7660 4129
605 3880
5322 8350
60 7384
8334 1478
5537 2712
6048 4217
3421 1100
5893 9680
7862 4914
1513 1104
7841 7866
3974 4879
3226 9398
950 8910
9258 492
6265 3976
5260 2146
3730 1886
10000 3547
1330 4024
8953 6280
3351 2721
5699 7909
776 6887
9130 8412
1204 8303
7724 6215
7073 5383
3504 5846
8767 2546
7688 8836
1986 9484
2766 8769
954 5973
7541 6337
30 7041
645 8338
222 601
7422 9794
764 8753
3486 446
4257 2137
8542 5024
5845 7341
1890 8889
8259 2465
1933 733
5252 427
1770 9541
6523 7340
1210 1321
6514 3030
5472 920
9601 5055
8613 3194
7423 7119
5331 9253
4210 5279
2388 1823
8776 2587
2917 2779
2507 2121
8740 9849
7465 3760
161 8143
8979 1762
2482 9656
522 5267
6818 621
49 2405
3987 3522
5411 6435
1944 7080
5067 2215
5555 5406
51 9752
7275 1938
2159 2552
2474 6486
1401 7648
4197 2962
5616 6570
6053 6914
145 5248
3007 8924
4652 2199
6285 7943
9851 3132
4951 7265
6259 1834
9754 6688
2625 470
430 4592
4978 6203
7883 5801
462 5729
3560 9907
4955 9125
2391 8628
3751 98
9530 2619
5666 2496
8185 689
7449 9721
3317 7152
9661 8069
5755 9431
2339 6195
3885 924
2585 262
1645 2667
6082 8590
204 6310
6932 781
10 9438
2925 9336
6685 9576
2018 5483
1637 3972
5469 44
4367 6471
655 7045
3129 4857
1203 8495
2773 2059
2045 8743
3450 6412
1371 5581
9953 2635
5227 2016
8515 7062
9316 5900
5544 8287
1709 2958
4164 9495
2928 2556
2310 582
1462 5155
608 9994
4964 3099
1249 7875
5860 5324
3774 2223
6093 6466
5103 4819
9753 8463
472 9354
8682 5242
9902 1467
7877 8709
5911 9027
938 3412
8397 460
6338 3708
5677 7992
6076 8854
2872 3332
6065 624
968 8257
2926 6511
1928 9573
7646 816
1858 3427
6541 3909
2445 1686
6644 2364
3905 6591
3666 6695
7014 3480
3642 7301
8834 1833
4893 4788
7306 4892
7514 8060
8146 2734
4242 5899
5098 3344
9763 9793
3238 4041
770 3396
5855 5642
9440 3719
1518 3622
4461 5236
9969 4177
889 2754
9029 2399
3963 338
9446 7739
122 7330
896 2643
8057 700
3143 2099
7722 2350
4136 827
2687 2686
9911 7076
2298 6799
7967 6441
1264 5694
5668 1243
3882 7492
7461 9209
4091 5838
5445 8968
4106 3333
5985 3808
1538 4525
2343 4395
6542 9371
1884 9296
4418 2362
8695 6008
2182 4139
4630 3741
528 6420
2960 1656
7138 1124
2668 9352
1400 544
9852 1408
2708 2028
4201 7599
6072 9824
574 3232
2892 7544
1101 5767
8497 8530
3053 439
9056 5085
1434 4484
3287 123
3027 1097
1300 4884
5454 195
4303 6871
8829 4614
7311 1533
8770 4821
7428 2428
6840 6807
4918 1021
9525 2233
5270 5088
5942 6621
2267 4447
6407 2918
4645 1364
96 5542
8701 4196
373 2402
9506 3911
1675 8747
3608 7143
8663 2394
8670 4738
3922 36
6738 899
6553 5777
4784 4439
3327 2908
6792 622
2547 5881
2798 960
9000 2400
1443 5965
7826 7929
3930 1501
4199 1582
8955 6532
8113 8418
8106 822
4607 7317
3605 1780
7256 346
6571 248
329 5477
2100 7970
4074 9203
9270 1715
8173 8506
6980 5390
9838 2521
9164 7074
8422 9304
6318 9348
4761 530
5102 8098
6866 4475
6204 1446
5254 6271
5619 1441
3943 3671
2255 6710
7007 58
6725 1865
3874 8381
9502 4328
3047 5007
8111 3484
4126 1825
3207 1859
8153 7479
4036 9312
7705 1548
1808 4659
5287 3113
5367 2277
8365 5806
5256 8792
5672 3393
2189 5553
7228 3280
340 7356
7111 9984
3838 41
9644 484
4640 2860
2936 1995
9034 414
3942 3574
5223 2264
1355 2807
360 7308
6769 243
6055 9588
9295 8383
3785 8406
2935 7585
1430 9556
7004 6822
9566 5340
1162 9612
2430 8488
5135 2232
3980 5508
5988 4496
416 3937
7104 8024
8560 694
8070 2555
7685 5431
691 5669
8267 990
3996 6819
5722 7678
5543 9006
8369 9740
2268 2741
808 9636
7843 5172
4960 6460
1516 2165
5375 2370
1312 363
3233 2220
3936 3080
4897 5796
4163 3789
6174 9456
5615 6348
6602 380
6528 3585
837 2671
448 598
1307 5089
8250 4491
2605 5106
1105 671
1677 7475
7623 1690
6018 6423
7101 8179
6676 3379
2179 4578
630 5706
7645 9896
3970 4747
759 9718
6374 5250
5356 7778
5238 7757
4759 228
6404 3989
9318 7960
6176 6091
8718 1907
9297 1164
3873 2692
6129 9850
9335 2314
931 9862
986 398
7989 664
6045 4264
5051 8325
9931 5898
9314 5504
8949 5337
3078 1852
690 6419
1207 959
9366 1760
5534 8263
4760 5146
75 9390
2565 3170
4268 2839
9504 7242
9138 7661
1509 9434
1368 9777
7047 5774
800 2030
1098 5977
2043 760
1067 8529
7993 2380
883 7436
1773 1248
8667 6611
4762 7372
4807 6509
4296 2318
97 4970
5567 6190
7335 4471
408 2372
6544 6832
4686 2171
37 9200
2263 6281
4344 1039
7225 1679
3498 726
6800 4658
5935 4556
7147 1054
9313 1547
2717 9293
7088 9407
1070 65
7583 5462
3727 4720
997 4995
5608 7068
9461 8660
3423 5808
4542 6077
1782 7221
9102 1970
6462 6616
389 3269
6692 235
8176 349
8795 8384
9564 5427
8321 1950
6752 9675
9643 9082
3782 7050
5611 1182
4673 1985
625 413
5213 2543
1817 8171
6974 4379
7059 9212
8895 8862
2595 5341
7527 876
129 7814
9738 8352
4880 6935
3793 4191
297 6722
9003 5107
8083 5659
4181 341
9201 2371
9978 7087
309 2781
6661 1604
588 9467
102 2113
3901 7607
8641 6238
3617 9310
4612 39
2147 5513
8351 1290
4334 768
2319 2444
5559 9436
7283 8755
7816 1171
8726 5246
6499 6767
1923 9327
9257 7700
6022 6119
4544 6136
7020 238
4636 276
3408 5402
1559 8014
8612 8635
9090 1229
8018 4319
2882 9554
5265 7811
3582 1319
315 3291
9988 5292
3950 3826
1008 3221
1610 1497
7199 6558
6020 4411
6584 4731
7452 9875
6386 7298
1196 1862
2414 3856
1788 5748
4909 2813
5612 3946
4337 4383
542 9762
9805 887
3297 4804
1115 9173
4143 9688
5517 9320
8835 6934
3021 3991
4685 8512
6294 2248
1962 8614
9607 2650
6465 4989
3595 148
6101 8918
572 6350
9097 4247
3761 3696
6378 8812
9698 9075
4646 2720
5533 4037
3658 8689
3077 7413
806 6438
2270 740
817 4512
3153 9845
5418 242
6118 5958
8900 6490
4279 7304
562 3588
9655 9528
7858 5979
8217 7241
4051 1464
6430 142
2326 5096
3932 8621
8132 4847
4092 457
3420 1729
6367 5597
6397 3342
879 1235
892 604
9950 3796
5006 2446
936 3529
6197 8439
9609 5493
3590 5661
8100 7893
3734 6894
6957 34
2449 9225
8477 3768
4235 6865
6393 468
2509 2702
3628 4604
6127 8956
1611 3494
8431 8891
5261 7354
9666 9811
6634 6723
5707 7730
1092 6032
8574 1698
6050 9589
4218 5770
2296 3815
2701 4058
7234 2274
8906 9755
3324 7261
6164 1024
6440 5849
2678 1003
1591 1765
9919 7237
3330 6401
8326 754
7063 4550
681 1468
8683 3534
4249 1811
6417 1678
9687 4818
4052 8849
4987 5401
50 4420
7935 3680
2669 910
3517 4854
7508 169
2937 6793
8700 5607
3043 559
4174 4045
3975 8496
4049 9903
6982 3566
6588 1693
6786 7520
2911 4413
871 7107
8803 8596
8483 113
6575 4616
4767 3257
5005 4627
8666 6425
4056 928
1268 5582
3331 3907
6670 1270
3726 8817
8090 4552
8679 2568
4073 2068
2236 2338
4270 1466
6976 2083
5662 2358
9136 8722
685 3783
9378 8832
8545 8282
9726 5072
6470 6161
3848 2439
8796 3940
6696 1079
6731 5111
9624 1870
9885 9936
4194 2880
2226 402
4088 3266
8276 227
3698 6682
5713 939
8447 9016
3106 3845
4735 870
4967 6801
5015 4926
5590 4567
9719 1389
8066 9887
1242 6086
7236 5907
4205 6296
3366 6741
1344 8555
7149 147
7997 850
3695 1662
7984 525
6143 8888
6848 8214
8699 6647
9959 6250
3661 1288
3042 665
2180 7547
7395 1111
4887 2076
3721 7194
9700 9517
7297 7382
5291 4793
5658 6194
9049 6364
3765 5362
9272 8648
5939 2871
5578 6290
1951 2676
2782 2367
769 1960
4119 8261
9206 8502
2627 6992
2013 4628
8084 2441
5200 3770
1404 1442
2854 9471
1921 2425
2142 9802
496 9058
3926 4013
6711 5604
5512 558
9216 9221
8253 9568
5231 2845
5648 8227
393 6282
5360 9853
6886 5226
4704 2207
2531 1626
6405 3693
4490 6751
9473 7226
8852 1230
105 1705
9995 6531
206 7954
2456 2771
124 3487
7651 8585
2519 4815
3134 3539
3223 3481
2250 6594
8729 6740
1959 464
189 9830
6944 1277
7878 48
6693 9971
7342 7211
4089 5971
6900 9901
5208 9217
7114 1552
3277 1619
1348 9663
6620 2900
4340 7099
5077 9368
5883 3190
4498 9144
4399 3279
126 4613
5459 8403
9054 2836
1152 4849
631 4575
9045 2349
9524 5357
9744 3363
9117 1498
570 7938
5114 5329
5510 6955
3041 5780
8783 2588
4451 9759
1861 1902
3000 5034
2438 2104
3147 9545
1259 4714
2453 7219
3261 4701
6610 8235
4227 1482
9437 682
684 8256
7133 2065
193 8745
6071 2313
3466 7447
5592 9128
1405 3886
5303 2728
9938 982
1103 3610
4805 4032
5109 833
3559 9259
5047 3024
6921 1068
2170 9309
7807 369
1059 8721
6200 6506
4537 1372
884 5980
2382 8763
8750 134
2885 4487
4886 2901
8947 5442
4066 282
3075 8856
3323 207
5258 1444
8283 4993
5086 9579
7653 9676
3174 4724
6728 9739
1621 7332
9192 314
1329 1977
9606 2003
2463 157
521 9499
9826 8716
791 2212
4870 1694
4642 9439
4255 4776
4907 2197
5964 7955
2342 5482
1979 1163
7851 8872
2645 1202
8633 7001
3443 2158
8145 9518
2778 6330
2818 8279
4817 4635
7835 6413
1601 4809
7768 3813
8791 9854
1984 9586
3678 5684
2873 7117
6121 9043
520 2050
8469 6739
1503 6257
5352 9285
1292 8021
1567 1211
6436 6681
3112 4485
6155 9065
2359 5117
1939 2992
704 507
2757 7923
6493 6447
6213 5385
6640 8927
9051 3732
7000 7723
8441 8685
8948 615
8005 7445
1544 3636
5834 8962
3966 3003
5474 3540
3347 5062
436 6888
4859 2913
7102 1989
4372 9269
5882 2477
1007 5476
1784 4949
1726 5293
1595 6146
6774 7681
23 8915
2115 3292
6581 3437
6444 6583
6145 4520
3691 6534
3746 4855
46 1271
237 9544
4040 6996
2389 1448
1672 9951
7840 4161
3532 7659
9021 2184
1661 6586
3197 8511
2285 5629
3008 7376
2056 4386
8798 4841
7294 5552
5914 2379
7116 918
6820 6049
3855 8078
8957 648
392 2011
8692 2776
2877 9496
6761 1574
3512 6140
9198 1805
260 156
3067 727
3465 3255
1460 676
2412 4785
4351 79
3502 6192
5921 3189
8804 8103
8551 3252
6497 4267
7172 5393
5186 211
4363 7401
2906 5976
5152 2034
3759 929
1724 8577
9085 6329
8731 6201
4291 4405
8772 1745
8252 4298
5455 4111
7379 8646
8402 4560
3819 5545
6882 6137
955 3490
1316 4131
173 8286
1881 7798
7569 9019
9610 2988
4561 7458
9107 3433
7624 7126
4641 1134
3454 2679
2125 6555
7915 9944
2508 2654
9282 6561
5400 6529
159 8913
2175 7389
709 9426
1523 3456
4999 2983
404 2722
163 8343
4653 8088
9141 2577
9924 9503
573 4059
1778 4229
5022 4863
4276 6153
5591 3820
5338 6973
3952 8147
9432 3079
1700 9758
8385 4042
3046 7546
6293 9447
6757 8251
4433 2647
4813 6803
7035 2247
2144 6107
8135 2607
308 7708
3120 3365
1190 5823
8686 1887
5465 5671
9060 3664
8213 3354
7672 5308
9342 7387
9695 5505
9815 3274
6410 8203
697 716
1447 9234
7548 8076
6909 2174
7853 564
8543 3290
9627 4577
9829 1975
9722 8322
9859 6434
358 4104
1357 5624
7791 5924
6193 7460
8494 9575
7279 9078
1308 5166
125 6646
6683 2569
5311 8294
2064 8121
7285 3593
3914 815
8945 2089
4349 6972
3881 7770
6978 245
6054 9134
7676 1550
9889 5885
4225 1421
2590 6810
5859 9840
2348 535
2846 7494
1692 848
1138 2533
2340 1792
7136 8119
6459 1877
150 9956
5073 647
4281 3247
45 7971
2775 7995
1011 6874
6340 7784
4152 7799
908 8184
5525 3464
1685 5757
7963 8958
2008 2733
8518 3328
9256 7245
2481 4624
707 1681
7719 3417
3875 7540
9367 4061
7404 4622
9507 477
1981 9532
216 5569
2579 8684
1262 3350
4076 1568
2498 1061
69 56
4954 6037
6122 996
4508 7924
3672 2495
3144 590
3448 6564
1669 2356
7834 7584
4125 4343
443 3884
1376 9963
2345 5110
8108 6830
8748 8630
467 3434
5794 5124
5987 8708
6678 5843
9442 4572
3654 347
4953 6846
6905 2130
8896 9158
1966 4601
5952 8029
8265 3346
5159 8902
1964 8651
783 6615
2476 4763
2512 9817
368 9835
8514 4259
318 7567
9691 6115
3285 4159
9733 1836
9572 2747
3064 8481
4339 1660
6734 3160
7287 7639
3648 9768
3188 4488
52 686
5134 6551
4781 2837
8509 3738
3612 7
7009 1838
4908 8281
9546 4208
1322 7049
3499 5394
3888 3705
3442 9303
6705 5027
4862 9689
5984 7741
9536 6501
3453 1829
8985 7042
4663 8664
9775 3652
4046 9448
3752 5588
6879 8160
2969 1217
7012 2009
3017 3646
8604 8177
3286 847
2789 9229
695 2582
3245 1863
674 3246
2785 9821
1869 1536
5241 3872
7861 4990
9243 2234
5020 6225
5599 9633
723 3325
8538 2156
9614 5994
4755 9425
7701 9699
2557 5056
7398 5999
1655 8739
5224 9430
7051 1941
7966 6998
5189 3891
5957 1779
2681 9942
2770 5862
7086 391
8000 7052
487 8464
8245 3625
3375 5004
4865 5514
463 3005
4692 3716
4935 337
7933 1809
1929 3545
6495 780
8899 1046
797 1983
3476 8698
2979 5858
2440 8715
9156 8916
3704 7729
5781 6134
6266 3149
9553 8479
1640 407
1084 3710
810 4509
3737 9780
9790 6063
9116 6665
1507 9343
1766 1140
4346 9238
4198 5875
3868 9110
1472 8167
6850 6289
5718 5811
366 2673
5927 787
3109 4176
271 106
5163 9126
7400 4828
2251 6379
5802 2116
9751 1787
5448 1682
5579 7868
3957 9974
3535 2660
5602 1936
762 336
2387 1363
3944 1873
5298 2055
154 1711
8193 6299
8733 7469
7089 9715
9599 2822
3575 4450
4294 9055
7592 372
4775 7665
3015 3303
5349 5878
4792 7032
8974 4540
6959 1280
9161 5071
5304 5853
8549 4392
9534 8423
4649 3429
4406 8028
9489 9265
3606 1380
1699 8353
5391 895
4316 2620
9457 8980
7825 2500
339 168
4948 3900
5426 6206
2864 7037
2243 4113
7393 8774
7616 6000
8598 7800
1875 4539
2570 5190
479 7746
234 3639
1415 5160
4415 3971
313 1041
5154 8437
5048 9562
3701 4366
981 9306
4965 5627
4669 657
7912 3493
1937 5735
9044 6904
1139 1382
4860 9540
5181 7195
4963 2276
8794 5850
1129 3023
8246 5923
8191 962
7689 6303
3218 6066
8344 7714
6655 4224
1697 8618
197 1795
5169 9451
8712 3869
2982 7630
4479 9017
6547 3308
692 9166
7480 5674
8711 8841
6326 8175
7842 4097
8480 1895
2655 3034
8061 6983
2919 3460
6730 9402
7944 2415
2863 6325
6075 480
4974 8388
7922 5688
7334 5449
1465 8894
4150 8238
9658 3002
7497 7363
5220 1851
2888 6298
3183 933
7048 133
6724 5715
5438 7894
5330 9491
2173 7522
409 9299
5419 5848
9193 3984
78 3167
2974 2532
6892 4844
7262 4452
9177 6224
7312 4080
826 2744
5157 4115
4947 1341
6169 5416
9992 2761
9856 3643
8554 6574
4396 8080
8578 5652
9480 9018
9818 1208
5922 9014
577 7936
2044 8586
1687 4591
7017 7748
560 5634
7347 985
6917 2416
4845 3568
2658 5854
6360 9026
853 116
9030 5144
6184 9422
1481 9734
9477 1033
3945 4837
9294 2706
2847 5912
2623 1410
1151 8105
1924 328
3767 132
9123 4458
8923 5975
4014 8092
1908 9980
3095 5753
4913 6521
3019 7098
6754 2178
9620 696
4757 2341
6100 2249
6862 139
7833 6406
5205 8925
3418 1337
3085 9516
9143 5194
1236 2434
1658 1978
9384 8195
1420 6182
7765 127
8361 5104
4182 322
2943 2997
8490 9616
4331 5790
4502 2420
2659 6043
1789 1282
7182 9672
4816 5263
9062 4215
6085 423
864 2964
9662 6563
862 28
7082 5350
7913 3335
8378 2228
6463 6878
6446 8186
3155 482
1326 4442
6359 2800
8382 9080
8201 2216
3569 6021
2118 5123
732 9271
2675 5397
1276 4325
8289 2902
7554 8919
3380 3054
3214 4315
556 2732
5969 6236
7427 1955
111 3968
9979 4364
306 4580
2157 766
6947 1594
9871 7828
1438 5797
6433 9351
1192 1940
5174 9649
7517 7190
9410 8169
7863 3515
2515 2869
9305 5546
8216 3389
6403 3962
8997 6554
6660 7267
6844 8629
3222 3171
8741 5842
4376 8364
1901 3097
2967 6168
9413 2594
4972 7758
9279 4526
2112 7454
9311 5491
4272 4311
4506 1730
5714 2090
5435 5480
3669 7179
8166 8661
3036 3516
5372 1318
9092 8656
6473 1742
7375 3124
4983 3579
7030 4875
2169 2716
9960 1578
4360 7419
6229 3723
693 1943
2458 3399
3458 9374
1299 5970
4021 9283
1573 5196
5478 2506
1058 4733
6589 2812
4094 830
2617 9705
1499 9806
8347 7886
4077 4631
6843 660
7218 9070
4141 310
9289 1335
5535 5723
1799 3276
8505 5264
5783 1045
4919 5188
722 2581
6742 8484
1746 1279
9492 3781
4710 2404
9965 3309
4214 7499
7579 351
2666 3601
9756 4794
4774 9315
5895 3553
5795 8047
454 627
4103 5554
9548 4336
2891 7064
7823 7821
261 7553
2198 6039
942 1500
8348 6069
6016 5762
7336 2520
3955 9848
6166 3986
1209 277
7921 6334
3260 361
6548 9937
9337 4650
3262 1812
9403 1091
5301 6150
3296 286
1078 8368
571 3543
1150 8051
1763 8323
3111 1623
1521 610
6643 5704
231 6902
7178 2856
7002 274
1096 1174
634 8099
5398 5161
135 1107
9906 8207
4093 3369
8215 2956
5813 1750
8013 7916
2824 4063
599 6908
2632 2662
7260 1255
849 9300
6472 1596
878 6567
9262 3755
1952 5739
9791 5145
8550 5598
2001 7327
4501 6411
5269 2503
5551 7046
6492 5968
2290 3995
2488 7598
7040 7203
3482 4078
1794 5830
801 381
8114 1854
2029 6961
9916 7034
3528 2222
7699 2407
2576 4915
6305 3835
748 4748
8781 4432
140 8433
1652 5946
6668 149
5013 7820
9247 7493
9659 5489
1396 7333
9452 3028
7250 1463
2037 4327
8367 5556
9973 3020
3299 3436
1324 8269
9552 9587
281 8089
5410 7329
7576 3138
3150 1899
8043 7803
2777 1361
656 1840
7524 1586
926 7549
1528 5507
1935 5409
9350 4320
2450 9111
2524 9803
1013 5631
1315 9292
1807 7959
7836 5167
3040 4598
6009 8273
27 7161
5497 9429
421 2563
9673 3665
7019 3960
7712 6244
9538 1286
246 1044
4888 8572
2535 8970
9557 2206
1994 3411
2614 1197
6116 9976
6060 1445
8200 5844
4571 6148
7144 4976
2615 8848
6187 8905
7792 4611
3012 5215
591 3035
6952 8697
8460 858
378 5451
2447 7385
4921 2293
7786 2265
9186 170
3852 1954
1972 2537
9696 5173
3011 4637
9864 7785
4514 6131
5828 359
4380 617
3792 5727
3842 1004
2225 1974
2021 6508
1461 9450
1879 3969
2947 7867
1602 5379
9483 8969
4736 3791
4216 1283
5307 6557
4589 61
9024 7745
1649 5803
8003 4023
7229 7439
7727 9578
5887 6787
7568 7538
4099 3739
3597 5793
438 5245
73 9376
1747 8023
7453 5197
2033 6556
5526 6232
9727 4997
4834 9032
8634 7717
1340 1253
1826 8392
3485 927
7976 9380
1132 3858
7175 2294
5060 568
241 6312
3248 8467
4711 6094
1427 2973
7112 4677
6165 8875
3312 8241
2203 9481
2393 3186
1366 4715
284 4020
673 4595
8581 7289
6030 5998
3076 5251
5052 2077
9393 3384
2748 9580
2305 130
9079 6017
1060 3140
2751 1932
9052 9197
2878 7733
2742 9382
8600 6679
3319 6275
5690 7091
6573 6813
4751 8410
7860 5536
2282 2657
4324 8489
3844 6719
2019 7892
7948 4546
8158 3571
6343 9757
4772 6010
6239 3469
7625 5603
4609 7572
3341 9730
874 2183
4697 991
9088 7952
8780 678
1180 7559
497 4911
5614 5516
2085 3062
4314 4400
5033 6390
20 9510
2071 8144
1195 1735
2703 7906
7682 502
1053 9454
3817 4922
3611 7556
3992 8407
4219 3714
6587 3131
4746 6345
552 2353
8839 4906
8452 3489
7513 8756
2073 6650
9967 1187
2501 3039
6112 7558
1579 6391
120 9252
3729 5890
6353 1703
3822 95
6657 5919
6505 8164
6960 7715
2061 9171
5120 961
9444 9952
5441 5866
272 7602
7021 4878
2517 64
5333 1159
3377 1783
4313 4473
4137 1135
6732 1234
7189 8374
593 5879
9228 6930
2192 4707
9899 3491
3898 4434
4189 1755
2804 6962
7481 5384
5348 5500
7072 9476
2887 9353
1191 1629
3091 2664
5693 7210
4796 2346
8876 5548
1634 8789
7132 718
6099 6924
9653 5993
3981 7180
2195 898
3772 6863
7075 905
2411 6990
9115 1843
4465 1828
7557 5061
2376 5728
4239 537
3268 4105
1149 594
4356 486
7010 9004
8775 2278
2890 6089
6869 6885
1713 3948
7643 2729
1680 8362
6170 2092
4566 4898
16 4263
4347 3857
9526 8738
9414 4348
298 5752
5761 5625
4936 7696
19 4753
7975 9914
9888 8475
9874 9657
6141 2235
3141 7953
5 5876
2522 9798
3712 8324
9868 5031
2067 6673
7348 5201
55 9276
2213 53
3130 8768
2131 2545
146 6907
3278 1118
6278 7416
983 4030
7802 1374
209 4401
6012 3632
1756 4241
6636 9567
6918 7511
4338 2529
8006 3256
842 6781
8826 1175
4705 8547
1874 9255
5839 8655
3048 4100
1327 8445
8393 3550
7185 721
814 2984
4280 1181
5082 2119
761 3304
4065 7490
2897 6515
370 7964
1733 4876
2961 7246
5916 7377
5717 5121
4169 1973
7345 1946
3281 1218
3776 7737
6322 5754
9711 6253
6805 3954
4173 6500
9409 233
1613 6986
6258 7169
3382 3929
532 9764
8523 1352
5909 6251
2596 7636
4238 8306
3329 8571
9370 9167
4991 6641
2106 3294
3916 9593
8603 9031
4083 7472
6019 2740
3205 5490
7462 3724
8379 7844
812 9131
4258 4425
3839 1583
2304 7209
2468 2611
160 2161
533 1455
355 5319
8117 7991
2492 5300
6520 6167
6392 5039
7501 5023
3722 9249
8430 2499
6821 7409
4570 4185
5272 2567
9411 7397
9712 5461
7628 7103
7300 1999
8815 104
3985 3806
2012 5244
1148 843
8820 5466
8202 9175
1505 68
7879 846
2591 8588
1144 654
9674 7742
8345 626
7170 8599
5414 6333
4938 2853
66 4254
3577 6124
4154 587
2369 9910
2451 9890
5829 5632
5407 7888
9581 5606
1119 8419
7386 2280
5700 6234
7069 6642
3720 7108
6096 2833
2857 3470
7399 8487
2618 7346
880 1137
8678 1630
3431 9807
8652 7003
6502 9420
7463 2980
668 649
6833 8705
1437 7774
2696 8867
2810 1026
9494 379
1857 5075
2039 739
1800 6598
6105 4151
7609 9925
1177 6802
5610 8044
1772 6853
9531 619
2297 5792
2344 4427
3473 2219
618 715
2536 6252
7946 5494
5750 6545
7359 9626
8189 5183
978 5147
2494 8149
5609 5389
5982 9386
4971 1383
7443 1133
4128 8154
5782 8067
344 9458
5153 9191
77 807
1776 4466
9081 501
121 1424
295 3690
178 2583
7594 2996
2058 6937
9555 5570
4428 4009
6384 5495
9625 4698
1667 8264
8030 4901
5342 419
8011 1112
8017 4671
8797 3878
9324 1080
5847 4022
3094 5087
3546 1154
3520 5996
5772 8118
2866 4266
3479 7162
6595 3361
6901 5374
1749 323
5880 9778
2616 2916
3993 4789
7928 7977
6428 4121
6125 4288
2965 8002
9989 4629
4662 2727
734 9121
1542 743
8935 2724
5310 8901
4590 6157
6158 1342
9196 5168
9602 6061
1185 2291
5257 6231
3917 7024
1386 4330
4675 8504
214 7106
5930 62
7550 1996
3074 8486
4545 1904
7614 219
6003 7683
4359 3589
7291 7028
1496 1821
5623 3032
1524 259
191 751
3438 1577
2828 9039
637 3895
6779 7999
5788 1522
9701 4109
6414 3118
5326 643
9344 976
9372 8799
2726 1189
9129 877
1593 7383
2330 3523
9647 4618
4467 8297
7135 4910
3414 2214
2603 6884
6941 9475
1480 9449
6062 2395
5640 5992
7113 8237
217 596
8401 8728
3887 2725
8233 2335
5080 2374
5328 2200
7578 247
8928 4382
4554 2459
646 364
5725 7711
9970 6317
2057 1037
4486 5749
966 1343
2944 2560
3302 8524
6856 7884
4081 3006
5920 8608
1622 9260
4273 166
8340 4695
3405 9280
8808 1360
8805 9037
7027 1515
6963 851
1432 7864
2842 83
9846 6380
661 3949
7560 7474
8788 3750
711 3395
6979 1816
1113 5983
9729 3069
5485 9858
7709 7855
7587 88
5906 8640
9239 4157
4756 3385
2753 8468
8053 7093
6328 516
3631 4355
8008 8148
4633 641
7901 3105
7273 2539
1426 9600
6989 7649
667 9182
701 6680
3056 4802
2502 7115
2817 4240
1953 7677
6437 5519
8034 6717
8465 4529
1777 6056
4801 531
6036 9897
2886 9547
2651 9189
9834 6147
6279 4226
7258 7206
2409 9362
5273 6596
6927 3859
7244 8408
7140 2242
3786 4958
1428 7349
7895 1358
3052 798
969 1512
4436 6102
4 325
6617 6256
4171 93
4120 1987
3927 8991
7591 629
9462 947
54 2244
741 6824
6142 3362
2610 7627
6058 1967
8187 7804
4480 9418
198 478
4547 6079
4843 8138
8500 6599
6394 2366
5366 3718
29 5141
6491 6664
5363 3374
839 4585
5016 6694
2513 7259
3055 7881
5371 4719
2047 254
1883 5091
1423 5832
8180 1040
583 2301
1810 3151
2838 4803
4680 9396
8204 4848
4017 6494
792 7505
1570 5447
8609 5730
8232 1034
9825 8206
5076 3196
186 5929
2697 1806
5259 6217
9779 5325
6760 6006
453 428
3570 3126
4593 5315
9569 5137
8544 4586
4962 9101
5488 171
5724 4292
4605 6700
1990 688
7153 9772
185 327
7318 6755
6487 6984
9986 74
7941 8470
9917 4895
6464 4261
7326 4449
390 8229
1317 2593
2483 4459
6687 6254
1170 3953
6811 7637
4937 584
2601 8940
8071 5509
7509 1768
5347 1842
4453 2381
3531 9629
4007 8644
3082 7692
8165 2630
5355 534
1757 2575
9323 3572
5217 2148
2694 1027
6160 399
3228 9771
9660 3468
930 290
2237 5531
7371 3239
551 8761
5685 7322
9920 8141
4557 9898
1346 9750
7890 6893
5081 3413
6829 167
3640 4142
2109 6669
5547 4389
4881 1459
9237 5655
2949 1706
8881 5573
2922 8247
4029 4138
2145 5187
8450 4098
3102 4517
3853 2172
2586 620
6228 6569
1847 2942
5564 4583
4851 6969
6181 1331
4312 1088
7668 4431
5139 5905
3733 8157
5203 2208
3407 3660
194 4873
7491 5382
128 7885
8930 8847
9878 441
8019 6399
8262 4437
7827 7898
7292 4610
1549 569
6450 4072
6202 8871
1122 8908
9244 9671
1215 8
1030 5840
9377 1301
6988 138
5711 897
9050 1479
5710 3152
9328 3073
2361 3083
371 6005
4666 8597
1403 3343
909 8231
8735 2940
7026 7679
8476 554
7148 8675
429 444
4811 7910
602 1155
6090 5314
3699 3871
6128 1491
6649 8898
2953 6235
7446 8434
4403 22
91 3766
8960 3830
7084 1897
8972 8371
7718 7357
7707 1736
2014 7507
8266 4777
4203 258
6766 6498
7606 4067
316 2383
712 3918
6095 5417
6368 6040
6084 6388
5787 7410
1370 8007
3338 7652
1893 6698
7593 8694
7667 6198
2002 6144
7590 8868
5294 2202
4440 8917
4882 736
5736 5528
5746 9645
1723 9363
6479 9618
1644 9941
7539 6307
4353 6442
6860 3549
894 7950
6208 3742
6834 1751
9690 8966
9033 3175
1121 956
2017 2580
8224 8541
2191 515
7150 3169
4734 440
5281 8622
5199 5000
7353 6522
6046 5019
5991 2046
595 6223
9174 5212
9383 1056
5997 4180
9765 5460
1275 1891
5818 8389
103 3864
8226 4933
5042 7880
4769 1477
7670 7764
2122 6395
9330 7781
6897 2578
5961 5638
9153 236
9884 3709
8557 7193
2786 3925
2329 8559
9560 831
4277 613
3538 5036
3965 9086
7159 8938
8332 9334
8873 3745
5541 9634
4661 6323
9427 4518
7762 2821
1648 3428
3184 7459
2677 9795
5698 7766
855 1968
2306 2652
3807 1612
1244 3731
3686 2550
4984 6429
8507 5456
2597 2723
2487 9766
4790 8305
2954 1796
9781 7604
5764 9760
8988 2472
7061 232
6078 8196
8989 1830
9275 803
2883 2193
4038 980
9441 912
5807 2548
3488 6783
6814 9356
788 5738
3713 5741
5932 2573
971 7622
6910 6608
3135 3689
3066 2705
5436 3084
699 5576
1305 9962
4644 7280
7551 6108
1365 8649
1071 3613
5637 2454
7503 5499
4905 8575
7476 1413
6662 3093
7415 8082
8313 6352
8615 9385
9381 1212
5054 7417
8336 636
6300 6504
2731 9650
9615 3892
4307 2259
4456 5938
5148 9621
7156 4222
208 1241
1909 3645
2423 2636
8823 21
7408 2419
1425 2240
2690 2418
1406 3449
3956 9720
2217 3536
6149 6274
6535 1683
6480 9679
8870 6123
953 330
2914 3829
5872 6629
5701 5967
4667 6788
1409 1411
7839 4877
1896 153
1345 3788
6458 1633
9091 7274
8837 8627
2163 4204
7177 7403
6416 510
9957 4703
725 6381
6004 638
6977 5529
7926 3967
7166 6261
945 557
7577 6059
2780 5663
4108 5626
9945 8785
3451 4448
1992 9011
8706 6958
7092 8516
4275 2052
2613 2544
1980 2735
2674 5112
3459 9736
8816 8081
1535 488
2648 3483
7141 8026
2000 8931
653 5560
3156 6313
8758 1226
1476 9761
890 8225
9047 1878
8994 2783
3951 672
4373 7255
4581 8074
8492 3865
2765 9326
4626 1754
5617 7181
921 1082
5429 2672
731 4252
7391 8999
5105 9770
5877 2162
8205 4122
4869 1293
854 1136
7271 9605
7620 9401
3251 5656
1945 7305
8877 3471
5687 190
1281 1493
382 1804
9828 8355
5041 5800
3567 1157
5703 7174
4890 1397
580 3655
9533 1988
713 288
5078 2491
7794 7290
8942 8732
9042 6117
8085 7650
1435 9399
196 6550
9416 4293
7743 821
639 5974
3837 1727
9493 1949
4147 9428
4084 3018
1416 6699
6025 1035
6628 4632
4290 8561
8846 7930
4390 6068
3602 1846
7212 4387
2939 5778
4055 7662
2987 2640
2843 345
3542 4381
4934 2808
319 8591
7296 3307
5902 5826
4057 7254
756 4230
7806 2151
2553 8782
266 9133
506 252
1561 8855
9230 7200
3137 4167
7039 6210
8907 9009
4741 3370
9872 5162
3833 9782
4012 6684
8272 1771
6007 7251
8681 9405
767 3530
7071 3518
5388 7925
1297 5070
6861 867
4810 1903
3234 4374
752 1057
2542 1867
8443 9067
182 4001
1850 7904
7870 4026
8824 8811
7947 8405
9083 3804
4299 1009
3762 1450
4606 1557
4096 1920
8825 9284
8626 2490
9922 4153
2479 3688
5502 886
2135 8197
9813 7856
5118 881
964 4950
2931 8278
7831 1165
7253 1422
9331 774
5660 8890
6727 8990
3001 872
8859 5316
2152 9505
7812 5799
2299 294
9406 452
5937 1020
8810 3600
2078 7589
433 9900
7621 5029
481 5918
396 4000
6651 4515
1304 5440
8688 3432
5437 2832
7011 8331
538 112
2903 5243
8386 7619
1387 4623
7435 3637
941 9369
8027 7859
1801 9248
212 8752
9523 8440
6890 459
7369 8687
7818 2307
6964 6196
2088 7303
3390 7631
67 5917
8168 8933
9913 303
7907 2164
8243 935
3757 5219
8130 2683
1025 8457
9188 3211
4027 7081
3620 609
4799 6743
1359 539
3224 7850
4010 4457
4889 4202
6733 7496
4973 1684
8319 2621
3876 2806
8606 2758
5302 7629
3780 4430
5538 4421
2020 5530
2945 5910
9277 5695
4903 957
4004 5824
3959 7266
3756 4902
2398 1228
7402 6847
3178 6448
8632 4745
5897 3526
47 891
7728 6622
2797 1942
8414 5716
757 3651
1752 4035
7270 3507
6044 6247
6179 2977
8174 8952
3204 8659
7013 5734
9267 1161
2095 3474
8611 5249
4260 8079
860 949
3345 868
9993 5093
4188 6854
6543 40
8707 6038
4689 1486
3387 9767
2612 9940
491 1738
6220 1451
7848 5396
2386 9008
2859 5332
2912 244
859 8127
3265 4596
6415 9301
4771 6283
2153 3827
644 6517
1469 5653
7518 8010
8589 2038
1864 1748
4758 8212
9388 4838
1906 1123
9597 3492
900 7756
4730 687
437 1969
2218 8967
1880 4187
4852 4031
3495 6474
2574 3367
8093 4409
4362 8001
9010 5403
7535 5278
7489 3681
1017 4615
3634 3994
4582 9190
7008 15
9226 5934
7822 3381
377 3182
5689 6243
3816 8151
8840 9498
7230 4460
7691 8866
2321 633
3821 4365
5122 3740
1643 6753
5305 8710
7603 5798
9519 6376
3561 2127
3653 257
5831 3402
6690 5321
4148 6484
4754 1178
4445 3318
8302 6342
6427 893
8567 8163
2772 2629
3315 5097
2898 1888
9307 3410
263 7673
1728 6549
4302 4896
5583 4808
5358 5873
9929 3685
7980 6277
4070 3166
5434 3461
5289 2262
6135 4478
5697 8765
181 8760
1193 7882
7325 9949
6981 1651
5768 9127
7278 729
972 6782
9797 3031
5040 4830
3554 1517
8570 4322
7595 5691
1412 747
1073 4134
2826 7797
6875 5233
1453 85
8123 9745
8035 3063
8399 4657
1090 3339
1813 6559
811 5074
519 6765
8623 2176
4722 1930
2205 2160
84 5467
6931 8564
9096 600
1375 8260
311 5950
424 7720
1607 7058
4156 1239
914 6827
8377 4464
7657 7532
5589 475
8150 8458
4370 3282
4018 4608
7515 8607
8704 5150
2599 659
8442 2230
8556 4885
165 1295
3409 3227
3283 5094
4842 7638
4048 4248
7640 3321
8242 3565
4323 9443
2426 456
5945 9539
9417 2841
2256 388
873 6536
4969 9463
1708 3684
8120 8754
7526 9717
7500 9001
4186 9928
1717 7819
9387 3802
3359 2534
9035 1199
9932 547
6409 264
4678 7891
8757 350
4358 1639
1473 5045
59 3764
7197 3879
2114 6560
3244 210
902 5158
6014 4335
6950 3877
5028 8308
5101 2554
5002 9162
8584 2049
6656 6331
4282 6154
6654 8520
8937 3958
2337 8766
7706 4256
2564 3293
8946 8909
911 152
1725 6744
5901 4123
4522 9998
4101 3933
89 7085
1532 7658
3679 9066
1349 2117
3394 3580
6795 9954
6227 2559
8637 5618
7801 25
5053 7735
7411 5742
9930 4729
4742 1006
251 9915
3289 4371
131 5869
7808 6630
6431 5708
2600 3050
1701 6481
9637 7596
6387 1554
4594 5066
6858 3823
9391 7207
6324 2246
3210 2796
3243 3919
3065 6518
7366 1188
7846 8513
5008 3576
9250 8156
9585 3510
7571 6942
9801 267
6507 5962
1074 5275
3777 2079
4916 9985
771 6028
4968 4388
1419 9912
5532 9559
1555 5327
1572 9333
1534 6538
6358 6110
3440 2455
4833 1114
5789 8110
4195 5230
174 777
8032 9596
3193 6772
2959 31
1767 6691
6675 7473
8893 5586
6519 9346
8101 4309
9479 495
5444 1052
6881 100
8466 6426
6747 3478
1093 6047
1882 2323
3037 6087
8736 6809
6336 2185
8095 3850
5317 8853
1095 6205
7470 8065
2816 5131
9169 8046
5667 1504
9187 3059
7319 6915
2457 1216
205 6778
177 527
6872 2966
2187 8996
426 2739
8616 2801
680 5786
2848 2181
2266 4333
2604 2149
7025 1200
1971 3231
5424 3894
9622 6735
6241 8982
3676 8610
3199 1815
4352 5766
4574 6249
4924 7373
4966 8838
1065 3846
1110 7919
4725 5596
9273 5696
7824 3264
7945 8485
4422 9909
1926 4732
2606 4654
934 2530
6073 1031
8063 9865
6468 2792
4183 9839
9935 3867
1510 4528
2714 6938
6263 7090
642 6341
5562 2128
3201 175
1142 7931
5498 2221
2032 9120
1347 2287
7747 3551
2970 2920
249 3552
5557 4858
8790 3122
7131 7664
4874 903
5972 8301
9059 1094
9470 3
2946 8016
4835 1018
7978 2538
2633 4651
1167 3401
7990 4507
1798 8178
7965 5286
7083 2336
6798 1564
4872 3270
1085 4237
9105 5852
2719 8842
8576 2905
932 737
3717 240
2718 5868
8134 820
7817 2811
6366 4011
2745 9375
4112 3998
9873 8517
7380 6891
6385 5816
4648 6233
2743 2429
7528 1618
2700 7687
786 4679
6456 3219
5012 394
8828 6346
4562 4274
8587 6488
5649 7755
5453 3142
2767 2790
7406 5068
4900 2074
9604 4647
7635 7364
5641 1620
9325 3599
4625 6269
3044 8680
2443 7805
353 8277
2480 5395
8459 9084
226 2784
1168 5650
385 5001
6708 406
5913 9145
8359 1525
5171 7281
1028 7740
6880 2950
8254 6211
6876 4470
585 2004
6295 666
1063 9254
8230 250
4170 8152
7337 9709
3935 8724
230 7257
2711 7900
293 4251
3982 8453
1126 9773
2865 2196
7055 8218
8104 8375
1049 300
8944 1663
4071 8363
9968 1785
2257 7485
567 9847
8525 611
9358 3818
875 3801
6948 5620
4599 6191
8650 632
3010 6011
3391 6371
5776 7249
8665 6349
8339 7600
3811 5471
7448 3164
3524 9170
3983 1702
7344 6287
9508 4912
7272 2143
6482 9714
6510 1475
7564 2103
8787 2322
9063 4130
5116 321
5575 2730
5959 9574
2849 1069
8723 2688
7374 1263
5779 1976
5568 1273
1285 1076
7563 5670
2525 1961
6546 5756
6748 1514
3273 5665
4713 8844
9640 5726
7264 2155
7421 5184
5981 7534
5176 5206
3004 5470
6796 6925
3236 1818
6776 7969
5115 5737
8429 110
3715 8620
6512 285
4977 9677
4135 789
1291 4576
2138 3322
6956 3503
3779 1635
675 6993
2467 7282
1089 2475
8449 2096
2422 4301
4357 888
6209 1265
9543 90
8950 5566
9199 4342
1485 9231
9298 7533
7973 529
4982 4656
3208 3378
8296 9918
3682 3809
9355 6024
4172 838
1302 4468
2695 6637
1581 1233
343 6199
386 3406
8461 5232
2132 8690
273 8038
2646 735
8062 9583
6400 7437
2048 7555
8503 2752
3497 6126
8300 3890
4090 1029
7196 4510
5926 3357
4839 9379
7752 6991
5643 5915
511 5584
356 8292
8033 6302
5408 7982
2098 3921
5228 1562
8971 1394
3313 4047
8115 180
8657 291
1099 8211
192 3422
6946 5359
9357 7780
738 6373
4797 7005
7171 1998
9419 5297
4505 7675
2641 3154
563 755
7231 4086
4228 6270
1965 3657
7216 1484
5894 2081
3180 4482
6478 8508
3026 7760
9509 8129
6001 1179
7525 1827
6614 8258
6222 9213
988 9832
1379 7874
7036 1156
32 26
9488 2325
9836 3841
3475 8248
8455 3305
6308 2432
331 6949
3923 7455
2473 3771
1117 5277
224 8865
6002 5664
7838 4617
4766 1407
1520 7056
1786 172
1272 3990
7307 555
7247 9693
2631 5038
7873 2561
7433 1431
2401 4221
6619 7355
3090 1832
6823 2010
3400 6764
2354 151
3301 8510
5274 7813
9877 4917
1590 3092
2527 9074
8676 1221
1377 2254
670 3445
3650 1641
7962 7477
6485 7852
3392 2053
9472 7122
4308 8131
9183 3505
4773 9073
7897 4826
4795 1267
5285 3176
4407 7942
7396 2063
1254 9948
1957 5941
4015 1914
1589 4712
8354 3964
9958 8025
1849 9667
4942 1452
7444 5561
7440 5240
5335 5018
6859 9360
904 4391
7655 1638
9408 7414
6899 3249
7985 6790
3795 3621
5443 773
4495 3022
9219 4778
6339 8318
581 6842
2805 5827
8674 176
9204 3337
2955 1927
4190 3185
8631 4145
5421 6912
9465 3508
9332 2209
8284 844
4728 7128
3635 8039
3229 3217
6451 6245
8012 5989
6132 4317
7782 940
5422 7787
8645 5376
7934 8691
3316 8314
3902 7763
5966 514
1743 7240
3159 7096
8102 705
9089 3173
8677 3836
5381 9263
9577 9831
2602 3376
7204 8998
4489 2551
5017 3119
2909 8086
2704 793
7097 9365
5539 6189
4783 4234
1856 7154
963 6372
1653 8056
5136 6736
3633 5820
7456 334
2649 8139
8777 852
8223 6877
6970 3162
6104 9789
8964 4511
8814 229
9694 5079
2478 9147
8934 8140
4831 5574
6784 7777
9098 5978
114 8742
1309 2707
4378 9154
9558 937
9814 8059
7432 9822
5290 4867
1048 4638
7315 458
9322 6916
5404 335
8409 1231
6301 5151
8299 92
5320 5026
2941 2312
8869 8416
8534 1106
8582 8977
3896 1617
1251 3114
4341 635
3903 6593
354 8124
2968 1289
2385 1696
3254 1391
1328 1339
6533 7694
7201 5679
6088 3161
1351 6103
7644 6344
3915 6175
2281 5262
8819 6851
4824 7902
5867 8593
1398 775
9227 2528
505 845
5523 2007
2862 5521
804 2750
3614 5225
7731 4053
2040 2990
708 5743
7734 8421
7613 6601
9638 7615
9613 7956
8482 3404
2715 3348
6720 4726
1740 4019
4846 5986
3136 6369
5506 6645
6971 7612
5550 7129
5765 1506
4780 9178
5871 1837
2516 1311
7006 805
5633 720
9972 9421
2022 9820
4928 2397
1433 221
7972 3200
1246 4927
9746 6923
799 7105
8390 1885
8914 4957
5892 7732
4209 1666
2051 2763
108 1298
2738 9013
8428 524
3355 1120
8965 3145
1350 8858
6590 1545
987 9490
6316 4429
255 2889
1900 5130
3703 6272
2025 2062
8993 6718
6284 2921
1657 706
4318 2396
5540 9500
4253 9670
7703 5936
6539 3594
4727 1704
5011 5884
6797 8183
7370 5351
8941 2999
9981 3670
3352 9882
8822 7986
2589 1588
6031 3626
813 8920
268 3253
3295 5164
4587 8425
2874 5204
9837 9487
8879 9345
6026 8107
3910 9788
4939 5712
2027 1194
4619 5021
3506 9987
6729 9704
8566 1841
2347 8349
7158 5856
301 3272
2951 566
3045 2464
5439 1458
9468 6098
8802 9308
8400 4765
9208 3444
8833 2231
6034 2907
9648 5415
9706 2283
8360 184
3941 1015
4683 948
87 3866
2295 7498
703 8778
5931 4085
3805 2975
9631 7543
9642 7215
7601 8366
7016 9349
7243 5044
5140 5057
9511 4668
7412 2584
8521 7783
1354 9594
6945 6138
5744 82
7575 3863
5759 993
4492 1956
2558 3784
3641 7562
8109 7749
1721 5646
4329 2471
9236 6706
6114 7015
7314 4477
6527 2227
1414 2141
8939 1051
7642 6896
6177 4179
5179 3457
8420 7911
